4 0.0049940109
4.0468979 0.0044942909
4.0937958 0.0040368652
4.1406937 0.0036215141
4.1875916 0.0032436257
4.2344895 0.0029018588
4.2813874 0.0025878523
4.3282853 0.0023056485
4.3751832 0.0020465677
4.4220811 0.0018102292
4.468979 0.0015955529
4.5158769 0.0014046781
4.5627748 0.0012295285
4.6096727 0.0010679919
4.6565706 0.00092108265
4.7034685 0.00078979
4.7503664 0.00067004732
4.7972643 0.00055959959
4.8441622 0.0004602516
4.8910601 0.00037380816
4.937958 0.00029777369
4.9848559 0.00022537427
5.0317538 0.00015819718
5.0786517 9.8068326e-05
5.1255496 4.5688244e-05
5.1724475 -2.4292422e-06
5.2193454 -4.4848066e-05
5.2662433 -8.337053e-05
5.3131412 -0.00011737475
5.3600391 -0.00014795427
5.406937 -0.00017551752
5.4538349 -0.00019969713
5.5007328 -0.00022012602
5.5476307 -0.00023790299
5.5945286 -0.00025417448
5.6414265 -0.00026877336
5.6883244 -0.00028153246
5.7352223 -0.00029228462
5.7821202 -0.0003008627
5.8290181 -0.00030750591
5.875916 -0.00031352797
5.9228139 -0.00031873424
5.9697118 -0.00032277126
6.0166097 -0.00032539782
6.0635076 -0.0003274272
6.1104055 -0.00032849892
6.1573034 -0.00032893884
6.2042013 -0.00032874236
6.2510992 -0.00032793744
6.2979971 -0.00032662279
6.344895 -0.00032480753
6.3917929 -0.00032265132
6.4386908 -0.00032022202
6.4855887 -0.00031732213
6.5324866 -0.00031373334
6.5793845 -0.00031000415
6.6262824 -0.00030618573
6.6731803 -0.00030228392
6.7200782 -0.00029830454
6.7669761 -0.00029425341
6.813874 -0.00029013637
6.8607719 -0.00028595923
6.9076698 -0.00028172782
6.9545677 -0.00027744797
7.0014656 -0.00027312549
7.0483635 -0.00026875398
7.0952614 -0.00026433301
7.1421593 -0.00025987506
7.1890572 -0.00025539258
7.2359551 -0.00025089805
7.282853 -0.00024640395
7.3297509 -0.00024192274
7.3766488 -0.0002374669
7.4235467 -0.00023304889
7.4704446 -0.00022868119
7.5173425 -0.00022437431
7.5642404 -0.0002201161
7.6111383 -0.00021590223
7.6580362 -0.00021173329
7.704934 -0.00020760986
7.7518319 -0.00020353252
7.7987298 -0.00019950184
7.8456277 -0.00019551839
7.8925256 -0.00019158277
7.9394235 -0.00018769554
7.9863214 -0.00018385729
8.0332193 -0.00018008027
8.0801172 -0.00017639577
8.1270151 -0.00017280195
8.173913 -0.00016929492
8.2208109 -0.00016587079
8.2677088 -0.00016252566
8.3146067 -0.00015925565
8.3615046 -0.00015605686
8.4084025 -0.00015292541
8.4553004 -0.0001498574
8.5021983 -0.00014684894
8.5490962 -0.00014389367
8.5959941 -0.00014098974
8.642892 -0.00013813915
8.6897899 -0.00013534388
8.7366878 -0.00013260592
8.7835857 -0.00012992727
8.8304836 -0.0001273099
8.8773815 -0.00012475582
8.9242794 -0.00012226702
8.9711773 -0.00011984547
9.0180752 -0.00011749088
9.0649731 -0.00011518219
9.111871 -0.00011291442
9.1587689 -0.00011068838
9.2056668 -0.00010850486
9.2525647 -0.00010636465
9.2994626 -0.00010426853
9.3463605 -0.0001022173
9.3932584 -0.00010021174
9.4401563 -9.8252653e-05
9.4870542 -9.6340824e-05
9.5339521 -9.4472749e-05
9.58085 -9.2638444e-05
9.6277479 -9.0839448e-05
9.6746458 -8.9077942e-05
9.7215437 -8.7356109e-05
9.7684416 -8.5676129e-05
9.8153395 -8.4040185e-05
9.8622374 -8.2450456e-05
9.9091353 -8.0909126e-05
9.9560332 -7.9418375e-05
10.002931 -7.7980313e-05
10.049829 -7.6576492e-05
10.096727 -7.5191705e-05
10.143625 -7.3826495e-05
10.190523 -7.2481406e-05
10.237421 -7.1156981e-05
10.284319 -6.9853763e-05
10.331216 -6.8572294e-05
10.378114 -6.7313119e-05
10.425012 -6.6076779e-05
10.47191 -6.4863819e-05
10.518808 -6.3674781e-05
10.565706 -6.2510209e-05
10.612604 -6.1370645e-05
10.659502 -6.0256632e-05
10.7064 -5.9168715e-05
10.753298 -5.8107435e-05
10.800195 -5.7073335e-05
10.847093 -5.606696e-05
10.893991 -5.5088852e-05
10.940889 -5.4139554e-05
10.987787 -5.3219609e-05
11.034685 -5.232412e-05
11.081583 -5.1439858e-05
11.128481 -5.0566693e-05
11.175379 -4.9705169e-05
11.222277 -4.8855832e-05
11.269174 -4.8019228e-05
11.316072 -4.7195902e-05
11.36297 -4.6386398e-05
11.409868 -4.5591263e-05
11.456766 -4.4811041e-05
11.503664 -4.4046277e-05
11.550562 -4.3297517e-05
11.59746 -4.2565307e-05
11.644358 -4.185019e-05
11.691255 -4.1152714e-05
11.738153 -4.0473421e-05
11.785051 -3.9812859e-05
11.831949 -3.9171573e-05
11.878847 -3.8550106e-05
11.925745 -3.7949006e-05
11.972643 -3.7368816e-05
12.019541 -3.6808412e-05
12.066439 -3.625405e-05
12.113337 -3.5703037e-05
12.160234 -3.5155954e-05
12.207132 -3.4613382e-05
12.25403 -3.4075905e-05
12.300928 -3.3544104e-05
12.347826 -3.3018561e-05
12.394724 -3.2499858e-05
12.441622 -3.1988577e-05
12.48852 -3.1485301e-05
12.535418 -3.099061e-05
12.582316 -3.0505087e-05
12.629213 -3.0029314e-05
12.676111 -2.9563874e-05
12.723009 -2.9109347e-05
12.769907 -2.8666316e-05
12.816805 -2.8235363e-05
12.863703 -2.781707e-05
12.910601 -2.7412019e-05
12.957499 -2.7020792e-05
13.004397 -2.6643917e-05
13.051295 -2.62747e-05
13.098192 -2.5908348e-05
13.14509 -2.5545078e-05
13.191988 -2.5185106e-05
13.238886 -2.4828646e-05
13.285784 -2.4475914e-05
13.332682 -2.4127126e-05
13.37958 -2.3782497e-05
13.426478 -2.3442243e-05
13.473376 -2.3106579e-05
13.520274 -2.277572e-05
13.567171 -2.2449883e-05
13.614069 -2.2129282e-05
13.660967 -2.1814133e-05
13.707865 -2.1504652e-05
13.754763 -2.1201053e-05
13.801661 -2.0903553e-05
13.848559 -2.0612367e-05
13.895457 -2.0327711e-05
13.942355 -2.0049799e-05
13.989253 -1.9778848e-05
14.03615 -1.9513369e-05
14.083048 -1.9249759e-05
14.129946 -1.8988189e-05
14.176844 -1.8728985e-05
14.223742 -1.8472472e-05
14.27064 -1.8218973e-05
14.317538 -1.7968814e-05
14.364436 -1.772232e-05
14.411334 -1.7479814e-05
14.458232 -1.7241623e-05
14.505129 -1.700807e-05
14.552027 -1.677948e-05
14.598925 -1.6556178e-05
14.645823 -1.6338489e-05
14.692721 -1.6126737e-05
14.739619 -1.5921247e-05
14.786517 -1.5722344e-05
14.833415 -1.5530353e-05
14.880313 -1.5345597e-05
14.927211 -1.5168403e-05
14.974108 -1.4999094e-05
15.021006 -1.4837251e-05
15.067904 -1.4677548e-05
15.114802 -1.4518884e-05
15.1617 -1.4361269e-05
15.208598 -1.4204716e-05
15.255496 -1.4049237e-05
15.302394 -1.3894844e-05
15.349292 -1.3741549e-05
15.39619 -1.3589365e-05
15.443087 -1.3438303e-05
15.489985 -1.3288375e-05
15.536883 -1.3139594e-05
15.583781 -1.2991971e-05
15.630679 -1.2845519e-05
15.677577 -1.2700249e-05
15.724475 -1.2556175e-05
15.771373 -1.2413307e-05
15.818271 -1.2271658e-05
15.865169 -1.2131239e-05
15.912066 -1.1992064e-05
15.958964 -1.1854144e-05
16.005862 -1.1717491e-05
16.05276 -1.1582118e-05
16.099658 -1.1448035e-05
16.146556 -1.1315256e-05
16.193454 -1.1183792e-05
16.240352 -1.1053656e-05
16.28725 -1.092486e-05
16.334148 -1.0797415e-05
16.381045 -1.0671334e-05
16.427943 -1.0546628e-05
16.474841 -1.0423311e-05
16.521739 -1.0301393e-05
16.568637 -1.0180887e-05
16.615535 -1.0061806e-05
16.662433 -9.9441602e-06
16.709331 -9.8279629e-06
16.756229 -9.7132259e-06
16.803127 -9.5999612e-06
16.850024 -9.4881809e-06
16.896922 -9.3778971e-06
16.94382 -9.2691218e-06
16.990718 -9.1618672e-06
17.037616 -9.0561452e-06
17.084514 -8.951968e-06
17.131412 -8.8493476e-06
17.17831 -8.7482962e-06
17.225208 -8.6488256e-06
17.272106 -8.5509482e-06
17.319003 -8.4546758e-06
17.365901 -8.3600206e-06
17.412799 -8.2669946e-06
17.459697 -8.17561e-06
17.506595 -8.0858787e-06
17.553493 -7.9978129e-06
17.600391 -7.9114246e-06
17.647289 -7.826726e-06
17.694187 -7.7437289e-06
17.741085 -7.6624457e-06
17.787982 -7.5828882e-06
17.83488 -7.5050686e-06
17.881778 -7.4289989e-06
17.928676 -7.3546912e-06
17.975574 -7.2821577e-06
18.022472 -7.2112269e-06
18.06937 -7.1407222e-06
18.116268 -7.0704602e-06
18.163166 -7.0004754e-06
18.210064 -6.9308022e-06
18.256961 -6.861475e-06
18.303859 -6.7925282e-06
18.350757 -6.7239962e-06
18.397655 -6.6559134e-06
18.444553 -6.5883142e-06
18.491451 -6.521233e-06
18.538349 -6.4547043e-06
18.585247 -6.3887624e-06
18.632145 -6.3234417e-06
18.679043 -6.2587766e-06
18.72594 -6.1948016e-06
18.772838 -6.131551e-06
18.819736 -6.0690592e-06
18.866634 -6.0073607e-06
18.913532 -5.9464899e-06
18.96043 -5.8864811e-06
19.007328 -5.8273688e-06
19.054226 -5.7691873e-06
19.101124 -5.7119711e-06
19.148021 -5.6557546e-06
19.194919 -5.6005721e-06
19.241817 -5.5464582e-06
19.288715 -5.4934471e-06
19.335613 -5.4415733e-06
19.382511 -5.3908712e-06
19.429409 -5.3413752e-06
19.476307 -5.2931197e-06
19.523205 -5.2461391e-06
19.570103 -5.2004678e-06
19.617 -5.1561402e-06
19.663898 -5.1131908e-06
19.710796 -5.0716538e-06
19.757694 -5.0315638e-06
19.804592 -4.9929552e-06
19.85149 -4.9558622e-06
19.898388 -4.9203194e-06
19.945286 -4.8863612e-06
19.992184 -4.8540218e-06
20.039082 -4.8227535e-06
20.085979 -4.7915019e-06
20.132877 -4.7602474e-06
20.179775 -4.7289937e-06
20.226673 -4.6977442e-06
20.273571 -4.6665027e-06
20.320469 -4.6352728e-06
20.367367 -4.6040579e-06
20.414265 -4.5728618e-06
20.461163 -4.5416879e-06
20.508061 -4.51054e-06
20.554958 -4.4794216e-06
20.601856 -4.4483364e-06
20.648754 -4.4172878e-06
20.695652 -4.3862796e-06
20.74255 -4.3553152e-06
20.789448 -4.3243984e-06
20.836346 -4.2935327e-06
20.883244 -4.2627217e-06
20.930142 -4.2319689e-06
20.97704 -4.2012781e-06
21.023937 -4.1706528e-06
21.070835 -4.1400966e-06
21.117733 -4.1096131e-06
21.164631 -4.0792059e-06
21.211529 -4.0488786e-06
21.258427 -4.0186347e-06
21.305325 -3.988478e-06
21.352223 -3.958412e-06
21.399121 -3.9284402e-06
21.446019 -3.8985663e-06
21.492916 -3.8687939e-06
21.539814 -3.8391266e-06
21.586712 -3.809568e-06
21.63361 -3.7801217e-06
21.680508 -3.7507912e-06
21.727406 -3.7215803e-06
21.774304 -3.6924924e-06
21.821202 -3.6635312e-06
21.8681 -3.6347002e-06
21.914998 -3.6060031e-06
21.961895 -3.5774435e-06
22.008793 -3.549025e-06
22.055691 -3.5207511e-06
22.102589 -3.4926255e-06
22.149487 -3.4646518e-06
22.196385 -3.4368335e-06
22.243283 -3.4091743e-06
22.290181 -3.3816778e-06
22.337079 -3.3543475e-06
22.383977 -3.327187e-06
22.430874 -3.3002001e-06
22.477772 -3.2733901e-06
22.52467 -3.2467609e-06
22.571568 -3.2203159e-06
22.618466 -3.1940587e-06
22.665364 -3.167993e-06
22.712262 -3.1421223e-06
22.75916 -3.1164503e-06
22.806058 -3.0909805e-06
22.852956 -3.0657165e-06
22.899853 -3.0406621e-06
22.946751 -3.0158206e-06
22.993649 -2.9911958e-06
23.040547 -2.9667912e-06
23.087445 -2.9426104e-06
23.134343 -2.9186571e-06
23.181241 -2.8949348e-06
23.228139 -2.8714472e-06
23.275037 -2.8481978e-06
23.321935 -2.8251902e-06
23.368832 -2.802428e-06
23.41573 -2.7799149e-06
23.462628 -2.7576543e-06
23.509526 -2.73565e-06
23.556424 -2.7139056e-06
23.603322 -2.6924245e-06
23.65022 -2.6712104e-06
23.697118 -2.650267e-06
23.744016 -2.6295978e-06
23.790914 -2.6092064e-06
23.837811 -2.5890964e-06
23.884709 -2.5692714e-06
23.931607 -2.5497351e-06
23.978505 -2.5304909e-06
24.025403 -2.5115425e-06
24.072301 -2.4928936e-06
24.119199 -2.4745476e-06
24.166097 -2.4565083e-06
24.212995 -2.4387791e-06
24.259893 -2.4213638e-06
24.30679 -2.4042658e-06
24.353688 -2.3874888e-06
24.400586 -2.3710364e-06
24.447484 -2.3549123e-06
24.494382 -2.3391199e-06
24.54128 -2.3236629e-06
24.588178 -2.3085449e-06
24.635076 -2.2937694e-06
24.681974 -2.2793402e-06
24.728872 -2.2652607e-06
24.775769 -2.2515346e-06
24.822667 -2.2381655e-06
24.869565 -2.225157e-06
24.916463 -2.2125127e-06
24.963361 -2.2002361e-06
25.010259 -2.1883217e-06
25.057157 -2.1765157e-06
25.104055 -2.1647032e-06
25.150953 -2.1528859e-06
25.197851 -2.1410657e-06
25.244748 -2.1292444e-06
25.291646 -2.1174239e-06
25.338544 -2.1056058e-06
25.385442 -2.0937921e-06
25.43234 -2.0819845e-06
25.479238 -2.0701849e-06
25.526136 -2.058395e-06
25.573034 -2.0466167e-06
25.619932 -2.0348519e-06
25.66683 -2.0231022e-06
25.713727 -2.0113695e-06
25.760625 -1.9996557e-06
25.807523 -1.9879626e-06
25.854421 -1.9762919e-06
25.901319 -1.9646454e-06
25.948217 -1.9530251e-06
25.995115 -1.9414326e-06
26.042013 -1.9298699e-06
26.088911 -1.9183386e-06
26.135809 -1.9068408e-06
26.182706 -1.895378e-06
26.229604 -1.8839522e-06
26.276502 -1.8725652e-06
26.3234 -1.8612188e-06
26.370298 -1.8499147e-06
26.417196 -1.8386549e-06
26.464094 -1.8274411e-06
26.510992 -1.8162751e-06
26.55789 -1.8051588e-06
26.604787 -1.7940939e-06
26.651685 -1.7830823e-06
26.698583 -1.7721258e-06
26.745481 -1.7612262e-06
26.792379 -1.7503853e-06
26.839277 -1.7396049e-06
26.886175 -1.7288869e-06
26.933073 -1.718233e-06
26.979971 -1.707645e-06
27.026869 -1.6971248e-06
27.073766 -1.6866743e-06
27.120664 -1.6762951e-06
27.167562 -1.6659891e-06
27.21446 -1.6557581e-06
27.261358 -1.645604e-06
27.308256 -1.6355285e-06
27.355154 -1.6255335e-06
27.402052 -1.6156207e-06
27.44895 -1.6057921e-06
27.495848 -1.5960493e-06
27.542745 -1.5863942e-06
27.589643 -1.5768287e-06
27.636541 -1.5673545e-06
27.683439 -1.5579734e-06
27.730337 -1.5486874e-06
27.777235 -1.539498e-06
27.824133 -1.5304073e-06
27.871031 -1.5214169e-06
27.917929 -1.5125288e-06
27.964827 -1.5037447e-06
28.011724 -1.4950664e-06
28.058622 -1.4864958e-06
28.10552 -1.4780346e-06
28.152418 -1.4696847e-06
28.199316 -1.4614479e-06
28.246214 -1.453326e-06
28.293112 -1.4453208e-06
28.34001 -1.4374341e-06
28.386908 -1.4296678e-06
28.433806 -1.4220236e-06
28.480703 -1.4145033e-06
28.527601 -1.4071089e-06
28.574499 -1.399842e-06
28.621397 -1.3927045e-06
28.668295 -1.3856982e-06
28.715193 -1.378825e-06
28.762091 -1.3720866e-06
28.808989 -1.3654848e-06
28.855887 -1.3590215e-06
28.902785 -1.3526985e-06
28.949682 -1.3465175e-06
28.99658 -1.3404804e-06
29.043478 -1.3345891e-06
29.090376 -1.3288453e-06
29.137274 -1.3232508e-06
29.184172 -1.3178075e-06
29.23107 -1.3125171e-06
29.277968 -1.3073815e-06
29.324866 -1.3024025e-06
29.371764 -1.2975818e-06
29.418661 -1.2929214e-06
29.465559 -1.288423e-06
29.512457 -1.2840885e-06
29.559355 -1.2799196e-06
29.606253 -1.2759182e-06
29.653151 -1.272086e-06
29.700049 -1.2684249e-06
29.746947 -1.2649367e-06
29.793845 -1.2616232e-06
29.840743 -1.2584863e-06
29.88764 -1.2555277e-06
29.934538 -1.2527492e-06
29.981436 -1.2501527e-06
30.028334 -1.2477062e-06
30.075232 -1.2452741e-06
30.12213 -1.2428419e-06
30.169028 -1.2404096e-06
30.215926 -1.2379773e-06
30.262824 -1.235545e-06
30.309722 -1.2331128e-06
30.356619 -1.2306806e-06
30.403517 -1.2282484e-06
30.450415 -1.2258163e-06
30.497313 -1.2233844e-06
30.544211 -1.2209526e-06
30.591109 -1.2185209e-06
30.638007 -1.2160894e-06
30.684905 -1.2136581e-06
30.731803 -1.2112271e-06
30.778701 -1.2087963e-06
30.825598 -1.2063657e-06
30.872496 -1.2039355e-06
30.919394 -1.2015056e-06
30.966292 -1.199076e-06
31.01319 -1.1966467e-06
31.060088 -1.1942179e-06
31.106986 -1.1917894e-06
31.153884 -1.1893614e-06
31.200782 -1.1869339e-06
31.24768 -1.1845068e-06
31.294577 -1.1820802e-06
31.341475 -1.1796541e-06
31.388373 -1.1772286e-06
31.435271 -1.1748036e-06
31.482169 -1.1723792e-06
31.529067 -1.1699554e-06
31.575965 -1.1675323e-06
31.622863 -1.1651098e-06
31.669761 -1.162688e-06
31.716659 -1.1602669e-06
31.763556 -1.1578465e-06
31.810454 -1.1554268e-06
31.857352 -1.153008e-06
31.90425 -1.1505899e-06
31.951148 -1.1481726e-06
31.998046 -1.1457562e-06
32.044944 -1.1433406e-06
32.091842 -1.1409259e-06
32.13874 -1.1385121e-06
32.185638 -1.1360993e-06
32.232535 -1.1336874e-06
32.279433 -1.1312764e-06
32.326331 -1.1288665e-06
32.373229 -1.1264575e-06
32.420127 -1.1240497e-06
32.467025 -1.1216428e-06
32.513923 -1.1192371e-06
32.560821 -1.1168325e-06
32.607719 -1.1144289e-06
32.654617 -1.1120266e-06
32.701514 -1.1096254e-06
32.748412 -1.1072254e-06
32.79531 -1.1048267e-06
32.842208 -1.1024292e-06
32.889106 -1.1000329e-06
32.936004 -1.097638e-06
32.982902 -1.0952443e-06
33.0298 -1.092852e-06
33.076698 -1.0904611e-06
33.123596 -1.0880715e-06
33.170493 -1.0856833e-06
33.217391 -1.0832966e-06
33.264289 -1.0809113e-06
33.311187 -1.0785274e-06
33.358085 -1.0761451e-06
33.404983 -1.0737643e-06
33.451881 -1.071385e-06
33.498779 -1.0690073e-06
33.545677 -1.0666311e-06
33.592574 -1.0642566e-06
33.639472 -1.0618837e-06
33.68637 -1.0595125e-06
33.733268 -1.0571429e-06
33.780166 -1.054775e-06
33.827064 -1.0524088e-06
33.873962 -1.0500444e-06
33.92086 -1.0476818e-06
33.967758 -1.0453209e-06
34.014656 -1.0429618e-06
34.061553 -1.0406046e-06
34.108451 -1.0382492e-06
34.155349 -1.0358957e-06
34.202247 -1.0335441e-06
34.249145 -1.0311945e-06
34.296043 -1.0288467e-06
34.342941 -1.026501e-06
34.389839 -1.0241572e-06
34.436737 -1.0218155e-06
34.483635 -1.0194758e-06
34.530532 -1.0171381e-06
34.57743 -1.0148025e-06
34.624328 -1.0124691e-06
34.671226 -1.0101377e-06
34.718124 -1.0078085e-06
34.765022 -1.0054815e-06
34.81192 -1.0031567e-06
34.858818 -1.0008341e-06
34.905716 -9.9851369e-07
34.952614 -9.9619559e-07
34.999511 -9.9387976e-07
35.046409 -9.9156625e-07
35.093307 -9.8925507e-07
35.140205 -9.8694624e-07
35.187103 -9.8463979e-07
35.234001 -9.8233574e-07
35.280899 -9.800341e-07
35.327797 -9.7773492e-07
35.374695 -9.7543819e-07
35.421593 -9.7314396e-07
35.46849 -9.7085224e-07
35.515388 -9.6856305e-07
35.562286 -9.6627643e-07
35.609184 -9.6399238e-07
35.656082 -9.6171093e-07
35.70298 -9.5943211e-07
35.749878 -9.5715594e-07
35.796776 -9.5488243e-07
35.843674 -9.5261162e-07
35.890572 -9.5034353e-07
35.937469 -9.4807817e-07
35.984367 -9.4581558e-07
36.031265 -9.4355577e-07
36.078163 -9.4129876e-07
36.125061 -9.3904459e-07
36.171959 -9.3679327e-07
36.218857 -9.3454482e-07
36.265755 -9.3229926e-07
36.312653 -9.3005663e-07
36.359551 -9.2781694e-07
36.406448 -9.2558021e-07
36.453346 -9.2334647e-07
36.500244 -9.2111575e-07
36.547142 -9.1888805e-07
36.59404 -9.1666341e-07
36.640938 -9.1444185e-07
36.687836 -9.1222339e-07
36.734734 -9.1000805e-07
36.781632 -9.0779586e-07
36.82853 -9.0558684e-07
36.875427 -9.03381e-07
36.922325 -9.0117839e-07
36.969223 -8.9897901e-07
37.016121 -8.9678288e-07
37.063019 -8.9459004e-07
37.109917 -8.9240051e-07
37.156815 -8.902143e-07
37.203713 -8.8803144e-07
37.250611 -8.8585196e-07
37.297509 -8.8367587e-07
37.344406 -8.815032e-07
37.391304 -8.7933396e-07
37.438202 -8.7716819e-07
37.4851 -8.7500591e-07
37.531998 -8.7284714e-07
37.578896 -8.7069189e-07
37.625794 -8.685402e-07
37.672692 -8.6639209e-07
37.71959 -8.6424757e-07
37.766488 -8.6210668e-07
37.813385 -8.5996943e-07
37.860283 -8.5783585e-07
37.907181 -8.5570596e-07
37.954079 -8.5357978e-07
38.000977 -8.5145733e-07
38.047875 -8.4933865e-07
38.094773 -8.4722374e-07
38.141671 -8.4511264e-07
38.188569 -8.4300536e-07
38.235467 -8.4090193e-07
38.282364 -8.3880237e-07
38.329262 -8.367067e-07
38.37616 -8.3461495e-07
38.423058 -8.3252714e-07
38.469956 -8.3044329e-07
38.516854 -8.2836342e-07
38.563752 -8.2628756e-07
38.61065 -8.2421573e-07
38.657548 -8.2214795e-07
38.704446 -8.2008425e-07
38.751343 -8.1802464e-07
38.798241 -8.1596915e-07
38.845139 -8.1391781e-07
38.892037 -8.1187063e-07
38.938935 -8.0982764e-07
38.985833 -8.0778886e-07
39.032731 -8.0575431e-07
39.079629 -8.0372402e-07
39.126527 -8.01698e-07
39.173425 -7.9967629e-07
39.220322 -7.976589e-07
39.26722 -7.9564586e-07
39.314118 -7.9363719e-07
39.361016 -7.916329e-07
39.407914 -7.8963304e-07
39.454812 -7.8763761e-07
39.50171 -7.8564664e-07
39.548608 -7.8366015e-07
39.595506 -7.8167816e-07
39.642404 -7.7970071e-07
39.689301 -7.777278e-07
39.736199 -7.7575947e-07
39.783097 -7.7379573e-07
39.829995 -7.7183661e-07
39.876893 -7.6988213e-07
39.923791 -7.6793232e-07
39.970689 -7.6598719e-07
40.017587 -7.6404677e-07
40.064485 -7.6211108e-07
40.111383 -7.6018014e-07
40.15828 -7.5825398e-07
40.205178 -7.5633263e-07
40.252076 -7.5441609e-07
40.298974 -7.525044e-07
40.345872 -7.5059757e-07
40.39277 -7.4869563e-07
40.439668 -7.4679861e-07
40.486566 -7.4490652e-07
40.533464 -7.4301939e-07
40.580362 -7.4113725e-07
40.627259 -7.392601e-07
40.674157 -7.3738798e-07
40.721055 -7.3552091e-07
40.767953 -7.3365891e-07
40.814851 -7.31802e-07
40.861749 -7.2995021e-07
40.908647 -7.2810356e-07
40.955545 -7.2626207e-07
41.002443 -7.2442576e-07
41.04934 -7.2259466e-07
41.096238 -7.2076879e-07
41.143136 -7.1894817e-07
41.190034 -7.1713283e-07
41.236932 -7.1532279e-07
41.28383 -7.1351806e-07
41.330728 -7.1171868e-07
41.377626 -7.0992467e-07
41.424524 -7.0813604e-07
41.471422 -7.0635282e-07
41.518319 -7.0457504e-07
41.565217 -7.0280271e-07
41.612115 -7.0103586e-07
41.659013 -6.9927451e-07
41.705911 -6.9751869e-07
41.752809 -6.9576841e-07
41.799707 -6.940237e-07
41.846605 -6.9228459e-07
41.893503 -6.9055109e-07
41.940401 -6.8882322e-07
41.987298 -6.8710102e-07
42.034196 -6.853845e-07
42.081094 -6.8367368e-07
42.127992 -6.819686e-07
42.17489 -6.8026926e-07
42.221788 -6.7857569e-07
42.268686 -6.7688792e-07
42.315584 -6.7520597e-07
42.362482 -6.7352987e-07
42.40938 -6.7185962e-07
42.456277 -6.7019526e-07
42.503175 -6.6853681e-07
42.550073 -6.6688429e-07
42.596971 -6.6523773e-07
42.643869 -6.6359714e-07
42.690767 -6.6196255e-07
42.737665 -6.6033399e-07
42.784563 -6.5871147e-07
42.831461 -6.5709502e-07
42.878359 -6.5548465e-07
42.925256 -6.538804e-07
42.972154 -6.5228229e-07
43.019052 -6.5069033e-07
43.06595 -6.4910456e-07
43.112848 -6.4752499e-07
43.159746 -6.4595164e-07
43.206644 -6.4438454e-07
43.253542 -6.4282372e-07
43.30044 -6.4126919e-07
43.347338 -6.3972097e-07
43.394235 -6.381791e-07
43.441133 -6.3664358e-07
43.488031 -6.3511445e-07
43.534929 -6.3359173e-07
43.581827 -6.3207544e-07
43.628725 -6.305656e-07
43.675623 -6.2906224e-07
43.722521 -6.2756537e-07
43.769419 -6.2607503e-07
43.816317 -6.2459122e-07
43.863214 -6.2311399e-07
43.910112 -6.2164334e-07
43.95701 -6.201793e-07
44.003908 -6.187219e-07
44.050806 -6.1727115e-07
44.097704 -6.1582708e-07
44.144602 -6.1438972e-07
44.1915 -6.1295907e-07
44.238398 -6.1153518e-07
44.285296 -6.1011805e-07
44.332193 -6.0870772e-07
44.379091 -6.073042e-07
44.425989 -6.0590752e-07
44.472887 -6.045177e-07
44.519785 -6.0313477e-07
44.566683 -6.0175873e-07
44.613581 -6.0038963e-07
44.660479 -5.9902748e-07
44.707377 -5.976723e-07
44.754275 -5.9632411e-07
44.801172 -5.9498295e-07
44.84807 -5.9364883e-07
44.894968 -5.9232177e-07
44.941866 -5.9100179e-07
44.988764 -5.8968893e-07
45.035662 -5.883832e-07
45.08256 -5.8708462e-07
45.129458 -5.8579322e-07
45.176356 -5.8450902e-07
45.223254 -5.8323205e-07
45.270151 -5.8196232e-07
45.317049 -5.8069985e-07
45.363947 -5.7944468e-07
45.410845 -5.7819682e-07
45.457743 -5.7695629e-07
45.504641 -5.7572313e-07
45.551539 -5.7449734e-07
45.598437 -5.7327896e-07
45.645335 -5.7206801e-07
45.692233 -5.708645e-07
45.73913 -5.6966847e-07
45.786028 -5.6847993e-07
45.832926 -5.6729891e-07
45.879824 -5.6612542e-07
45.926722 -5.649595e-07
45.97362 -5.6380117e-07
46.020518 -5.6265044e-07
46.067416 -5.6150734e-07
46.114314 -5.603719e-07
46.161212 -5.5924413e-07
46.208109 -5.5812406e-07
46.255007 -5.5701171e-07
46.301905 -5.559071e-07
46.348803 -5.5481026e-07
46.395701 -5.5372121e-07
46.442599 -5.5263996e-07
46.489497 -5.5156656e-07
46.536395 -5.5050101e-07
46.583293 -5.4944334e-07
46.630191 -5.4839357e-07
46.677088 -5.4735172e-07
46.723986 -5.4631783e-07
46.770884 -5.452919e-07
46.817782 -5.4427397e-07
46.86468 -5.4326405e-07
46.911578 -5.4226217e-07
46.958476 -5.4126835e-07
47.005374 -5.4028261e-07
47.052272 -5.3930498e-07
47.09917 -5.3833547e-07
47.146067 -5.3737412e-07
47.192965 -5.3642094e-07
47.239863 -5.3547596e-07
47.286761 -5.345392e-07
47.333659 -5.3361068e-07
47.380557 -5.3269042e-07
47.427455 -5.3177845e-07
47.474353 -5.3087479e-07
47.521251 -5.2997946e-07
47.568149 -5.2909249e-07
47.615046 -5.282139e-07
47.661944 -5.273437e-07
47.708842 -5.2648193e-07
47.75574 -5.256286e-07
47.802638 -5.2478374e-07
47.849536 -5.2394738e-07
47.896434 -5.2311952e-07
47.943332 -5.223002e-07
47.99023 -5.2148944e-07
48.037128 -5.2068727e-07
48.084025 -5.1989369e-07
48.130923 -5.1910875e-07
48.177821 -5.1833245e-07
48.224719 -5.1756482e-07
48.271617 -5.1680589e-07
48.318515 -5.1605568e-07
48.365413 -5.153142e-07
48.412311 -5.1458149e-07
48.459209 -5.1385757e-07
48.506106 -5.1314245e-07
48.553004 -5.1243616e-07
48.599902 -5.1173873e-07
48.6468 -5.1105017e-07
48.693698 -5.1037051e-07
48.740596 -5.0969977e-07
48.787494 -5.0903797e-07
48.834392 -5.0838514e-07
48.88129 -5.077413e-07
48.928188 -5.0710648e-07
48.975085 -5.0648068e-07
49.021983 -5.0586395e-07
49.068881 -5.0525629e-07
49.115779 -5.0465773e-07
49.162677 -5.040683e-07
49.209575 -5.0348802e-07
49.256473 -5.0291691e-07
49.303371 -5.0235499e-07
49.350269 -5.0180229e-07
49.397167 -5.0125882e-07
49.444064 -5.0072462e-07
49.490962 -5.001997e-07
49.53786 -4.9968408e-07
49.584758 -4.9917779e-07
49.631656 -4.9868086e-07
49.678554 -4.981933e-07
49.725452 -4.9771514e-07
49.77235 -4.9724639e-07
49.819248 -4.9678709e-07
49.866146 -4.9633725e-07
49.913043 -4.958969e-07
49.959941 -4.9546606e-07
50.006839 -4.9504465e-07
50.053737 -4.9462648e-07
50.100635 -4.9420795e-07
50.147533 -4.9378906e-07
50.194431 -4.933698e-07
50.241329 -4.9295019e-07
50.288227 -4.9253023e-07
50.335125 -4.9210991e-07
50.382022 -4.9168924e-07
50.42892 -4.9126823e-07
50.475818 -4.9084687e-07
50.522716 -4.9042517e-07
50.569614 -4.9000314e-07
50.616512 -4.8958076e-07
50.66341 -4.8915806e-07
50.710308 -4.8873502e-07
50.757206 -4.8831166e-07
50.804104 -4.8788797e-07
50.851001 -4.8746396e-07
50.897899 -4.8703963e-07
50.944797 -4.8661499e-07
50.991695 -4.8619003e-07
51.038593 -4.8576476e-07
51.085491 -4.8533918e-07
51.132389 -4.8491329e-07
51.179287 -4.844871e-07
51.226185 -4.8406062e-07
51.273083 -4.8363383e-07
51.31998 -4.8320675e-07
51.366878 -4.8277938e-07
51.413776 -4.8235171e-07
51.460674 -4.8192376e-07
51.507572 -4.8149553e-07
51.55447 -4.8106702e-07
51.601368 -4.8063823e-07
51.648266 -4.8020916e-07
51.695164 -4.7977982e-07
51.742062 -4.793502e-07
51.788959 -4.7892032e-07
51.835857 -4.7849018e-07
51.882755 -4.7805977e-07
51.929653 -4.7762911e-07
51.976551 -4.7719819e-07
52.023449 -4.7676701e-07
52.070347 -4.7633558e-07
52.117245 -4.759039e-07
52.164143 -4.7547198e-07
52.211041 -4.7503982e-07
52.257938 -4.7460741e-07
52.304836 -4.7417477e-07
52.351734 -4.7374189e-07
52.398632 -4.7330878e-07
52.44553 -4.7287544e-07
52.492428 -4.7244187e-07
52.539326 -4.7200808e-07
52.586224 -4.7157407e-07
52.633122 -4.7113984e-07
52.68002 -4.7070539e-07
52.726917 -4.7027073e-07
52.773815 -4.6983586e-07
52.820713 -4.6940078e-07
52.867611 -4.689655e-07
52.914509 -4.6853001e-07
52.961407 -4.6809433e-07
53.008305 -4.6765845e-07
53.055203 -4.6722237e-07
53.102101 -4.667861e-07
53.148999 -4.6634965e-07
53.195896 -4.65913e-07
53.242794 -4.6547618e-07
53.289692 -4.6503917e-07
53.33659 -4.6460199e-07
53.383488 -4.6416463e-07
53.430386 -4.637271e-07
53.477284 -4.632894e-07
53.524182 -4.6285153e-07
53.57108 -4.624135e-07
53.617978 -4.619753e-07
53.664875 -4.6153695e-07
53.711773 -4.6109844e-07
53.758671 -4.6065978e-07
53.805569 -4.6022097e-07
53.852467 -4.5978201e-07
53.899365 -4.5934291e-07
53.946263 -4.5890366e-07
53.993161 -4.5846427e-07
54.040059 -4.5802475e-07
54.086957 -4.5758509e-07
54.133854 -4.571453e-07
54.180752 -4.5670538e-07
54.22765 -4.5626534e-07
54.274548 -4.5582517e-07
54.321446 -4.5538488e-07
54.368344 -4.5494447e-07
54.415242 -4.5450395e-07
54.46214 -4.5406332e-07
54.509038 -4.5362257e-07
54.555936 -4.5318172e-07
54.602833 -4.5274076e-07
54.649731 -4.5229971e-07
54.696629 -4.5185855e-07
54.743527 -4.514173e-07
54.790425 -4.5097595e-07
54.837323 -4.5053452e-07
54.884221 -4.5009299e-07
54.931119 -4.4965138e-07
54.978017 -4.4920969e-07
55.024915 -4.4876792e-07
55.071812 -4.4832607e-07
55.11871 -4.4788415e-07
55.165608 -4.4744215e-07
55.212506 -4.4700009e-07
55.259404 -4.4655796e-07
55.306302 -4.4611576e-07
55.3532 -4.4567351e-07
55.400098 -4.452312e-07
55.446996 -4.4478883e-07
55.493894 -4.4434641e-07
55.540791 -4.4390394e-07
55.587689 -4.4346142e-07
55.634587 -4.4301886e-07
55.681485 -4.4257626e-07
55.728383 -4.4213361e-07
55.775281 -4.4169094e-07
55.822179 -4.4124822e-07
55.869077 -4.4080548e-07
55.915975 -4.4036271e-07
55.962872 -4.3991991e-07
56.00977 -4.3947709e-07
56.056668 -4.3903425e-07
56.103566 -4.385914e-07
56.150464 -4.3814853e-07
56.197362 -4.3770564e-07
56.24426 -4.3726275e-07
56.291158 -4.3681985e-07
56.338056 -4.3637695e-07
56.384954 -4.3593405e-07
56.431851 -4.3549115e-07
56.478749 -4.3504825e-07
56.525647 -4.3460536e-07
56.572545 -4.3416248e-07
56.619443 -4.3371962e-07
56.666341 -4.3327677e-07
56.713239 -4.3283394e-07
56.760137 -4.3239112e-07
56.807035 -4.3194834e-07
56.853933 -4.3150557e-07
56.90083 -4.3106284e-07
56.947728 -4.3062014e-07
56.994626 -4.3017747e-07
57.041524 -4.2973484e-07
57.088422 -4.2929225e-07
57.13532 -4.2884971e-07
57.182218 -4.2840721e-07
57.229116 -4.2796475e-07
57.276014 -4.2752235e-07
57.322912 -4.2708e-07
57.369809 -4.2663771e-07
57.416707 -4.2619548e-07
57.463605 -4.257533e-07
57.510503 -4.253112e-07
57.557401 -4.2486916e-07
57.604299 -4.2442719e-07
57.651197 -4.2398529e-07
57.698095 -4.2354347e-07
57.744993 -4.2310172e-07
57.791891 -4.2266006e-07
57.838788 -4.2221848e-07
57.885686 -4.2177698e-07
57.932584 -4.2133558e-07
57.979482 -4.2089427e-07
58.02638 -4.2045305e-07
58.073278 -4.2001193e-07
58.120176 -4.195709e-07
58.167074 -4.1912998e-07
58.213972 -4.1868917e-07
58.26087 -4.1824846e-07
58.307767 -4.1780787e-07
58.354665 -4.1736739e-07
58.401563 -4.1692702e-07
58.448461 -4.1648677e-07
58.495359 -4.1604665e-07
58.542257 -4.1560665e-07
58.589155 -4.1516677e-07
58.636053 -4.1472703e-07
58.682951 -4.1428741e-07
58.729849 -4.1384794e-07
58.776746 -4.134086e-07
58.823644 -4.129694e-07
58.870542 -4.1253035e-07
58.91744 -4.1209144e-07
58.964338 -4.1165268e-07
59.011236 -4.1121407e-07
59.058134 -4.1077561e-07
59.105032 -4.1033732e-07
59.15193 -4.0989918e-07
59.198828 -4.094612e-07
59.245725 -4.0902339e-07
59.292623 -4.0858575e-07
59.339521 -4.0814828e-07
59.386419 -4.0771098e-07
59.433317 -4.0727386e-07
59.480215 -4.0683692e-07
59.527113 -4.0640015e-07
59.574011 -4.0596358e-07
59.620909 -4.0552719e-07
59.667807 -4.0509098e-07
59.714704 -4.0465498e-07
59.761602 -4.0421916e-07
59.8085 -4.0378355e-07
59.855398 -4.0334813e-07
59.902296 -4.0291292e-07
59.949194 -4.0247791e-07
59.996092 -4.0204311e-07
60.04299 -4.0160853e-07
60.089888 -4.0117416e-07
60.136786 -4.0074e-07
60.183683 -4.0030606e-07
60.230581 -3.9987235e-07
60.277479 -3.9943886e-07
60.324377 -3.990056e-07
60.371275 -3.9857257e-07
60.418173 -3.9813977e-07
60.465071 -3.9770721e-07
60.511969 -3.9727489e-07
60.558867 -3.9684281e-07
60.605765 -3.9641097e-07
60.652662 -3.9597938e-07
60.69956 -3.9554804e-07
60.746458 -3.9511695e-07
60.793356 -3.9468612e-07
60.840254 -3.9425554e-07
60.887152 -3.9382523e-07
60.93405 -3.9339518e-07
60.980948 -3.9296539e-07
61.027846 -3.9253587e-07
61.074744 -3.9210662e-07
61.121641 -3.9167765e-07
61.168539 -3.9124896e-07
61.215437 -3.9082054e-07
61.262335 -3.9039241e-07
61.309233 -3.8996456e-07
61.356131 -3.8953699e-07
61.403029 -3.8910972e-07
61.449927 -3.8868274e-07
61.496825 -3.8825606e-07
61.543723 -3.8782968e-07
61.59062 -3.8740359e-07
61.637518 -3.8697781e-07
61.684416 -3.8655234e-07
61.731314 -3.8612718e-07
61.778212 -3.8570233e-07
61.82511 -3.8527779e-07
61.872008 -3.8485357e-07
61.918906 -3.8442968e-07
61.965804 -3.840061e-07
62.012702 -3.8358285e-07
62.059599 -3.8315993e-07
62.106497 -3.8273734e-07
62.153395 -3.8231508e-07
62.200293 -3.8189316e-07
62.247191 -3.8147158e-07
62.294089 -3.8105035e-07
62.340987 -3.8062945e-07
62.387885 -3.8020891e-07
62.434783 -3.7978871e-07
62.481681 -3.7936887e-07
62.528578 -3.7894938e-07
62.575476 -3.7853025e-07
62.622374 -3.7811149e-07
62.669272 -3.7769308e-07
62.71617 -3.7727505e-07
62.763068 -3.7685738e-07
62.809966 -3.7644008e-07
62.856864 -3.7602316e-07
62.903762 -3.7560662e-07
62.95066 -3.7519045e-07
62.997557 -3.7477467e-07
63.044455 -3.7435928e-07
63.091353 -3.7394427e-07
63.138251 -3.7352966e-07
63.185149 -3.7311543e-07
63.232047 -3.7270161e-07
63.278945 -3.7228818e-07
63.325843 -3.7187516e-07
63.372741 -3.7146254e-07
63.419638 -3.7105032e-07
63.466536 -3.7063852e-07
63.513434 -3.7022713e-07
63.560332 -3.6981616e-07
63.60723 -3.694056e-07
63.654128 -3.6899547e-07
63.701026 -3.6858576e-07
63.747924 -3.6817647e-07
63.794822 -3.6776762e-07
63.84172 -3.6735919e-07
63.888617 -3.6695121e-07
63.935515 -3.6654365e-07
63.982413 -3.6613654e-07
64.029311 -3.6572987e-07
64.076209 -3.6532365e-07
64.123107 -3.6491787e-07
64.170005 -3.6451255e-07
64.216903 -3.6410768e-07
64.263801 -3.6370327e-07
64.310699 -3.6329931e-07
64.357596 -3.6289582e-07
64.404494 -3.6249279e-07
64.451392 -3.6209023e-07
64.49829 -3.6168813e-07
64.545188 -3.6128652e-07
64.592086 -3.6088537e-07
64.638984 -3.6048471e-07
64.685882 -3.6008452e-07
64.73278 -3.5968482e-07
64.779678 -3.5928561e-07
64.826575 -3.5888688e-07
64.873473 -3.5848865e-07
64.920371 -3.5809091e-07
64.967269 -3.5769366e-07
65.014167 -3.5729692e-07
65.061065 -3.5690068e-07
65.107963 -3.5650495e-07
65.154861 -3.5610972e-07
65.201759 -3.5571501e-07
65.248657 -3.553208e-07
65.295554 -3.5492712e-07
65.342452 -3.5453395e-07
65.38935 -3.5414131e-07
65.436248 -3.5374919e-07
65.483146 -3.5335759e-07
65.530044 -3.5296653e-07
65.576942 -3.52576e-07
65.62384 -3.52186e-07
65.670738 -3.5179654e-07
65.717636 -3.5140763e-07
65.764533 -3.5101925e-07
65.811431 -3.5063142e-07
65.858329 -3.5024415e-07
65.905227 -3.4985742e-07
65.952125 -3.4947125e-07
65.999023 -3.4908563e-07
66.045921 -3.4870057e-07
66.092819 -3.4831608e-07
66.139717 -3.4793215e-07
66.186615 -3.4754879e-07
66.233512 -3.47166e-07
66.28041 -3.4678379e-07
66.327308 -3.4640215e-07
66.374206 -3.4602109e-07
66.421104 -3.4564061e-07
66.468002 -3.4526071e-07
66.5149 -3.448814e-07
66.561798 -3.4450268e-07
66.608696 -3.4412456e-07
66.655594 -3.4374703e-07
66.702491 -3.4337009e-07
66.749389 -3.4299376e-07
66.796287 -3.4261803e-07
66.843185 -3.4224291e-07
66.890083 -3.418684e-07
66.936981 -3.4149449e-07
66.983879 -3.411212e-07
67.030777 -3.4074853e-07
67.077675 -3.4037648e-07
67.124573 -3.4000505e-07
67.17147 -3.3963425e-07
67.218368 -3.3926407e-07
67.265266 -3.3889452e-07
67.312164 -3.3852561e-07
67.359062 -3.3815733e-07
67.40596 -3.377897e-07
67.452858 -3.374227e-07
67.499756 -3.3705635e-07
67.546654 -3.3669064e-07
67.593552 -3.3632559e-07
67.640449 -3.3596118e-07
67.687347 -3.3559743e-07
67.734245 -3.3523434e-07
67.781143 -3.3487191e-07
67.828041 -3.3451014e-07
67.874939 -3.3414904e-07
67.921837 -3.3378861e-07
67.968735 -3.3342885e-07
68.015633 -3.3306976e-07
68.062531 -3.3271135e-07
68.109428 -3.3235362e-07
68.156326 -3.3199657e-07
68.203224 -3.3164021e-07
68.250122 -3.3128453e-07
68.29702 -3.3092955e-07
68.343918 -3.3057525e-07
68.390816 -3.3022166e-07
68.437714 -3.2986876e-07
68.484612 -3.2951656e-07
68.53151 -3.2916507e-07
68.578407 -3.2881429e-07
68.625305 -3.2846421e-07
68.672203 -3.2811485e-07
68.719101 -3.277662e-07
68.765999 -3.2741827e-07
68.812897 -3.2707105e-07
68.859795 -3.2672457e-07
68.906693 -3.263788e-07
68.953591 -3.2603377e-07
69.000489 -3.2568947e-07
69.047386 -3.253459e-07
69.094284 -3.2500307e-07
69.141182 -3.2466098e-07
69.18808 -3.2431963e-07
69.234978 -3.2397902e-07
69.281876 -3.2363916e-07
69.328774 -3.2330005e-07
69.375672 -3.229617e-07
69.42257 -3.226241e-07
69.469468 -3.2228726e-07
69.516365 -3.2195118e-07
69.563263 -3.2161587e-07
69.610161 -3.2128132e-07
69.657059 -3.2094754e-07
69.703957 -3.2061453e-07
69.750855 -3.202823e-07
69.797753 -3.1995085e-07
69.844651 -3.1962017e-07
69.891549 -3.1929028e-07
69.938447 -3.1896117e-07
69.985344 -3.1863286e-07
70.032242 -3.1830533e-07
70.07914 -3.179786e-07
70.126038 -3.1765266e-07
70.172936 -3.1732753e-07
70.219834 -3.1700319e-07
70.266732 -3.1667966e-07
70.31363 -3.1635694e-07
70.360528 -3.1603503e-07
70.407426 -3.1571393e-07
70.454323 -3.1539364e-07
70.501221 -3.1507418e-07
70.548119 -3.1475553e-07
70.595017 -3.1443771e-07
70.641915 -3.1412072e-07
70.688813 -3.1380456e-07
70.735711 -3.1348922e-07
70.782609 -3.1317472e-07
70.829507 -3.1286106e-07
70.876404 -3.1254824e-07
70.923302 -3.1223627e-07
70.9702 -3.1192513e-07
71.017098 -3.1161485e-07
71.063996 -3.1130542e-07
71.110894 -3.1099684e-07
71.157792 -3.1068912e-07
71.20469 -3.1038225e-07
71.251588 -3.1007625e-07
71.298486 -3.0977111e-07
71.345383 -3.0946684e-07
71.392281 -3.0916344e-07
71.439179 -3.0886092e-07
71.486077 -3.0855927e-07
71.532975 -3.0825849e-07
71.579873 -3.079586e-07
71.626771 -3.0765959e-07
71.673669 -3.0736147e-07
71.720567 -3.0706424e-07
71.767465 -3.067679e-07
71.814362 -3.0647245e-07
71.86126 -3.061779e-07
71.908158 -3.0588425e-07
71.955056 -3.0559151e-07
72.001954 -3.0529966e-07
72.048852 -3.0500873e-07
72.09575 -3.0471871e-07
72.142648 -3.044296e-07
72.189546 -3.0414141e-07
72.236444 -3.0385414e-07
72.283341 -3.0356778e-07
72.330239 -3.0328236e-07
72.377137 -3.0299786e-07
72.424035 -3.0271429e-07
72.470933 -3.0243165e-07
72.517831 -3.0214995e-07
72.564729 -3.0186919e-07
72.611627 -3.0158936e-07
72.658525 -3.0131049e-07
72.705423 -3.0103255e-07
72.75232 -3.0075557e-07
72.799218 -3.0047954e-07
72.846116 -3.0020446e-07
72.893014 -2.9993034e-07
72.939912 -2.9965718e-07
72.98681 -2.9938498e-07
73.033708 -2.9911375e-07
73.080606 -2.9884348e-07
73.127504 -2.9857419e-07
73.174402 -2.9830587e-07
73.221299 -2.9803852e-07
73.268197 -2.9777216e-07
73.315095 -2.9750677e-07
73.361993 -2.9724237e-07
73.408891 -2.9697896e-07
73.455789 -2.9671654e-07
73.502687 -2.9645511e-07
73.549585 -2.9619468e-07
73.596483 -2.9593524e-07
73.643381 -2.956768e-07
73.690278 -2.9541937e-07
73.737176 -2.9516294e-07
73.784074 -2.9490753e-07
73.830972 -2.9465312e-07
73.87787 -2.9439973e-07
73.924768 -2.9414735e-07
73.971666 -2.93896e-07
74.018564 -2.9364567e-07
74.065462 -2.9339636e-07
74.11236 -2.9314808e-07
74.159257 -2.9290083e-07
74.206155 -2.9265462e-07
74.253053 -2.9240944e-07
74.299951 -2.921653e-07
74.346849 -2.919222e-07
74.393747 -2.9168014e-07
74.440645 -2.9143914e-07
74.487543 -2.9119918e-07
74.534441 -2.9096027e-07
74.581339 -2.9072242e-07
74.628236 -2.9048563e-07
74.675134 -2.902499e-07
74.722032 -2.9001523e-07
74.76893 -2.8978163e-07
74.815828 -2.8954909e-07
74.862726 -2.8931763e-07
74.909624 -2.8908724e-07
74.956522 -2.8885793e-07
75.00342 -2.886297e-07
75.050318 -2.8840255e-07
75.097215 -2.8817649e-07
75.144113 -2.8795151e-07
75.191011 -2.8772763e-07
75.237909 -2.8750483e-07
75.284807 -2.8728314e-07
75.331705 -2.8706254e-07
75.378603 -2.8684304e-07
75.425501 -2.8662465e-07
75.472399 -2.8640736e-07
75.519297 -2.8619119e-07
75.566194 -2.8597612e-07
75.613092 -2.8576218e-07
75.65999 -2.8554934e-07
75.706888 -2.8533763e-07
75.753786 -2.8512705e-07
75.800684 -2.8491758e-07
75.847582 -2.8470925e-07
75.89448 -2.8450205e-07
75.941378 -2.8429598e-07
75.988276 -2.8409105e-07
76.035173 -2.8388726e-07
76.082071 -2.8368461e-07
76.128969 -2.8348311e-07
76.175867 -2.8328275e-07
76.222765 -2.8308355e-07
76.269663 -2.8288549e-07
76.316561 -2.826886e-07
76.363459 -2.8249286e-07
76.410357 -2.8229828e-07
76.457255 -2.8210487e-07
76.504152 -2.8191262e-07
76.55105 -2.8172155e-07
76.597948 -2.8153164e-07
76.644846 -2.8134291e-07
76.691744 -2.8115536e-07
76.738642 -2.8096899e-07
76.78554 -2.807838e-07
76.832438 -2.8059979e-07
76.879336 -2.8041698e-07
76.926234 -2.8023536e-07
76.973131 -2.8005493e-07
77.020029 -2.7987569e-07
77.066927 -2.7969766e-07
77.113825 -2.7952083e-07
77.160723 -2.793452e-07
77.207621 -2.7917079e-07
77.254519 -2.7899758e-07
77.301417 -2.7882558e-07
77.348315 -2.786548e-07
77.395213 -2.7848524e-07
77.44211 -2.783169e-07
77.489008 -2.7814978e-07
77.535906 -2.7798389e-07
77.582804 -2.7781923e-07
77.629702 -2.776558e-07
77.6766 -2.7749361e-07
77.723498 -2.7733265e-07
77.770396 -2.7717294e-07
77.817294 -2.7701447e-07
77.864191 -2.7685724e-07
77.911089 -2.7670126e-07
77.957987 -2.7654653e-07
78.004885 -2.7639306e-07
78.051783 -2.7624084e-07
78.098681 -2.7608988e-07
78.145579 -2.7594019e-07
78.192477 -2.7579175e-07
78.239375 -2.7564459e-07
78.286273 -2.754987e-07
78.33317 -2.7535408e-07
78.380068 -2.7521073e-07
78.426966 -2.7506866e-07
78.473864 -2.7492788e-07
78.520762 -2.7478837e-07
78.56766 -2.7465016e-07
78.614558 -2.7451323e-07
78.661456 -2.743776e-07
78.708354 -2.7424326e-07
78.755252 -2.7411021e-07
78.802149 -2.7397847e-07
78.849047 -2.7384803e-07
78.895945 -2.737189e-07
78.942843 -2.7359107e-07
78.989741 -2.7346456e-07
79.036639 -2.7333936e-07
79.083537 -2.7321547e-07
79.130435 -2.730929e-07
79.177333 -2.7297166e-07
79.224231 -2.7285174e-07
79.271128 -2.7273315e-07
79.318026 -2.7261589e-07
79.364924 -2.7249996e-07
79.411822 -2.7238536e-07
79.45872 -2.7227211e-07
79.505618 -2.7216019e-07
79.552516 -2.7204962e-07
79.599414 -2.719404e-07
79.646312 -2.7183252e-07
79.69321 -2.71726e-07
79.740107 -2.7162083e-07
79.787005 -2.7151702e-07
79.833903 -2.7141457e-07
79.880801 -2.7131348e-07
79.927699 -2.7121375e-07
79.974597 -2.711154e-07
80.021495 -2.7101841e-07
80.068393 -2.709228e-07
80.115291 -2.7082857e-07
80.162189 -2.7073571e-07
80.209086 -2.7064423e-07
80.255984 -2.7055415e-07
80.302882 -2.7046544e-07
80.34978 -2.7037813e-07
80.396678 -2.7029221e-07
80.443576 -2.7020768e-07
80.490474 -2.7012456e-07
80.537372 -2.7004283e-07
80.58427 -2.6996251e-07
80.631168 -2.6988359e-07
80.678065 -2.6980609e-07
80.724963 -2.6972999e-07
80.771861 -2.6965531e-07
80.818759 -2.6958205e-07
80.865657 -2.695102e-07
80.912555 -2.6943978e-07
80.959453 -2.6937078e-07
81.006351 -2.6930322e-07
81.053249 -2.6923708e-07
81.100147 -2.6917237e-07
81.147044 -2.6910911e-07
81.193942 -2.6904728e-07
81.24084 -2.6898689e-07
81.287738 -2.6892795e-07
81.334636 -2.6887045e-07
81.381534 -2.688144e-07
81.428432 -2.6875981e-07
81.47533 -2.6870667e-07
81.522228 -2.6865499e-07
81.569126 -2.6860477e-07
81.616023 -2.6855602e-07
81.662921 -2.6850872e-07
81.709819 -2.684629e-07
81.756717 -2.6841855e-07
81.803615 -2.6837568e-07
81.850513 -2.6833428e-07
81.897411 -2.6829436e-07
81.944309 -2.6825592e-07
81.991207 -2.6821897e-07
82.038105 -2.6818351e-07
82.085002 -2.6814954e-07
82.1319 -2.6811706e-07
82.178798 -2.6808607e-07
82.225696 -2.6805659e-07
82.272594 -2.6802861e-07
82.319492 -2.6800213e-07
82.36639 -2.6797715e-07
82.413288 -2.6795369e-07
82.460186 -2.6793174e-07
82.507084 -2.6791131e-07
82.553981 -2.6789239e-07
82.600879 -2.6787499e-07
82.647777 -2.6785912e-07
82.694675 -2.6784477e-07
82.741573 -2.6783195e-07
82.788471 -2.6782067e-07
82.835369 -2.6781091e-07
82.882267 -2.678027e-07
82.929165 -2.6779602e-07
82.976063 -2.6779089e-07
83.02296 -2.677873e-07
83.069858 -2.6778526e-07
83.116756 -2.6778477e-07
83.163654 -2.6778583e-07
83.210552 -2.6778845e-07
83.25745 -2.6779262e-07
83.304348 -2.6779836e-07
83.351246 -2.6780567e-07
83.398144 -2.6781453e-07
83.445042 -2.6782497e-07
83.491939 -2.6783698e-07
83.538837 -2.6785057e-07
83.585735 -2.6786573e-07
83.632633 -2.6788248e-07
83.679531 -2.6790081e-07
83.726429 -2.6792072e-07
83.773327 -2.6794222e-07
83.820225 -2.6796531e-07
83.867123 -2.6799e-07
83.914021 -2.6801628e-07
83.960918 -2.6804417e-07
84.007816 -2.6807365e-07
84.054714 -2.6810474e-07
84.101612 -2.6813744e-07
84.14851 -2.6817175e-07
84.195408 -2.6820767e-07
84.242306 -2.6824521e-07
84.289204 -2.6828437e-07
84.336102 -2.6832514e-07
84.383 -2.6836754e-07
84.429897 -2.6841157e-07
84.476795 -2.6845723e-07
84.523693 -2.6850452e-07
84.570591 -2.6855344e-07
84.617489 -2.6860401e-07
84.664387 -2.6865621e-07
84.711285 -2.6871005e-07
84.758183 -2.6876554e-07
84.805081 -2.6882268e-07
84.851979 -2.6888147e-07
84.898876 -2.6894192e-07
84.945774 -2.6900402e-07
84.992672 -2.6906778e-07
85.03957 -2.691332e-07
85.086468 -2.6920029e-07
85.133366 -2.6926904e-07
85.180264 -2.6933947e-07
85.227162 -2.6941157e-07
85.27406 -2.6948534e-07
85.320957 -2.6956079e-07
85.367855 -2.6963793e-07
85.414753 -2.6971674e-07
85.461651 -2.6979725e-07
85.508549 -2.6987944e-07
85.555447 -2.6996333e-07
85.602345 -2.7004891e-07
85.649243 -2.7013618e-07
85.696141 -2.7022516e-07
85.743039 -2.7031584e-07
85.789936 -2.7040823e-07
85.836834 -2.7050232e-07
85.883732 -2.7059813e-07
85.93063 -2.7069565e-07
85.977528 -2.7079488e-07
86.024426 -2.7089584e-07
86.071324 -2.7099851e-07
86.118222 -2.7110292e-07
86.16512 -2.7120904e-07
86.212018 -2.713169e-07
86.258915 -2.714265e-07
86.305813 -2.7153782e-07
86.352711 -2.7165089e-07
86.399609 -2.717657e-07
86.446507 -2.7188225e-07
86.493405 -2.7200054e-07
86.540303 -2.7212059e-07
86.587201 -2.7224239e-07
86.634099 -2.7236594e-07
86.680997 -2.7249125e-07
86.727894 -2.7261832e-07
86.774792 -2.7274715e-07
86.82169 -2.7287775e-07
86.868588 -2.7301012e-07
86.915486 -2.7314425e-07
86.962384 -2.7328017e-07
87.009282 -2.7341785e-07
87.05618 -2.7355732e-07
87.103078 -2.7369857e-07
87.149976 -2.738416e-07
87.196873 -2.7398642e-07
87.243771 -2.7413303e-07
87.290669 -2.7428144e-07
87.337567 -2.7443163e-07
87.384465 -2.7458363e-07
87.431363 -2.7473743e-07
87.478261 -2.7489303e-07
87.525159 -2.7505044e-07
87.572057 -2.7520965e-07
87.618955 -2.7537068e-07
87.665852 -2.7553352e-07
87.71275 -2.7569818e-07
87.759648 -2.7586466e-07
87.806546 -2.7603297e-07
87.853444 -2.762031e-07
87.900342 -2.7637505e-07
87.94724 -2.7654884e-07
87.994138 -2.7672446e-07
88.041036 -2.7690192e-07
88.087934 -2.7708121e-07
88.134831 -2.7726235e-07
88.181729 -2.7744533e-07
88.228627 -2.7763016e-07
88.275525 -2.7781684e-07
88.322423 -2.7800537e-07
88.369321 -2.7819576e-07
88.416219 -2.78388e-07
88.463117 -2.7858211e-07
88.510015 -2.7877808e-07
88.556913 -2.7897591e-07
88.60381 -2.7917562e-07
88.650708 -2.7937719e-07
88.697606 -2.7958064e-07
88.744504 -2.7978597e-07
88.791402 -2.7999318e-07
88.8383 -2.8020227e-07
88.885198 -2.8041324e-07
88.932096 -2.806261e-07
88.978994 -2.8084086e-07
89.025892 -2.8105751e-07
89.072789 -2.8127605e-07
89.119687 -2.8149649e-07
89.166585 -2.8171883e-07
89.213483 -2.8194308e-07
89.260381 -2.8216924e-07
89.307279 -2.823973e-07
89.354177 -2.8262728e-07
89.401075 -2.8285917e-07
89.447973 -2.8309298e-07
89.494871 -2.8332871e-07
89.541768 -2.8356637e-07
89.588666 -2.8380595e-07
89.635564 -2.8404746e-07
89.682462 -2.842909e-07
89.72936 -2.8453627e-07
89.776258 -2.8478359e-07
89.823156 -2.8503284e-07
89.870054 -2.8528403e-07
89.916952 -2.8553717e-07
89.96385 -2.8579226e-07
90.010747 -2.8604929e-07
90.057645 -2.8630829e-07
90.104543 -2.8656923e-07
90.151441 -2.8683214e-07
90.198339 -2.8709701e-07
90.245237 -2.8736384e-07
90.292135 -2.8763264e-07
90.339033 -2.879034e-07
90.385931 -2.8817614e-07
90.432829 -2.8845086e-07
90.479726 -2.8872755e-07
90.526624 -2.8900623e-07
90.573522 -2.8928688e-07
90.62042 -2.8956953e-07
90.667318 -2.8985416e-07
90.714216 -2.9014078e-07
90.761114 -2.904294e-07
90.808012 -2.9072001e-07
90.85491 -2.9101263e-07
90.901808 -2.9130724e-07
90.948705 -2.9160386e-07
90.995603 -2.9190249e-07
91.042501 -2.9220313e-07
91.089399 -2.9250578e-07
91.136297 -2.9281045e-07
91.183195 -2.9311714e-07
91.230093 -2.9342584e-07
91.276991 -2.9373658e-07
91.323889 -2.9404934e-07
91.370787 -2.9436412e-07
91.417684 -2.9468094e-07
91.464582 -2.949998e-07
91.51148 -2.9532069e-07
91.558378 -2.9564363e-07
91.605276 -2.959686e-07
91.652174 -2.9629563e-07
91.699072 -2.966247e-07
91.74597 -2.9695582e-07
91.792868 -2.97289e-07
91.839766 -2.9762423e-07
91.886663 -2.9796152e-07
91.933561 -2.9830088e-07
91.980459 -2.986423e-07
92.027357 -2.9898579e-07
92.074255 -2.9933134e-07
92.121153 -2.9967897e-07
92.168051 -3.0002868e-07
92.214949 -3.0038046e-07
92.261847 -3.0073433e-07
92.308745 -3.0109028e-07
92.355642 -3.0144832e-07
92.40254 -3.0180844e-07
92.449438 -3.0217066e-07
92.496336 -3.0253498e-07
92.543234 -3.0290139e-07
92.590132 -3.032699e-07
92.63703 -3.0364051e-07
92.683928 -3.0401323e-07
92.730826 -3.0438806e-07
92.777723 -3.04765e-07
92.824621 -3.0514405e-07
92.871519 -3.0552522e-07
92.918417 -3.0590851e-07
92.965315 -3.0629392e-07
93.012213 -3.0668146e-07
93.059111 -3.0707112e-07
93.106009 -3.0746292e-07
93.152907 -3.0785684e-07
93.199805 -3.082529e-07
93.246702 -3.086511e-07
93.2936 -3.0905145e-07
93.340498 -3.0945393e-07
93.387396 -3.0985856e-07
93.434294 -3.1026535e-07
93.481192 -3.1067428e-07
93.52809 -3.1108537e-07
93.574988 -3.1149861e-07
93.621886 -3.1191402e-07
93.668784 -3.1233159e-07
93.715681 -3.1275132e-07
93.762579 -3.1317322e-07
93.809477 -3.135973e-07
93.856375 -3.1402354e-07
93.903273 -3.1445197e-07
93.950171 -3.1488257e-07
93.997069 -3.1531535e-07
94.043967 -3.1575032e-07
94.090865 -3.1618748e-07
94.137763 -3.1662683e-07
94.18466 -3.1706837e-07
94.231558 -3.175121e-07
94.278456 -3.1795804e-07
94.325354 -3.1840617e-07
94.372252 -3.1885651e-07
94.41915 -3.1930905e-07
94.466048 -3.1976381e-07
94.512946 -3.2022077e-07
94.559844 -3.2067995e-07
94.606742 -3.2114135e-07
94.653639 -3.2160497e-07
94.700537 -3.2207081e-07
94.747435 -3.2253887e-07
94.794333 -3.2300917e-07
94.841231 -3.2348169e-07
94.888129 -3.2395645e-07
94.935027 -3.2443345e-07
94.981925 -3.2491268e-07
95.028823 -3.2539416e-07
95.075721 -3.2587788e-07
95.122618 -3.2636384e-07
95.169516 -3.2685206e-07
95.216414 -3.2734253e-07
95.263312 -3.2783526e-07
95.31021 -3.2833024e-07
95.357108 -3.2882749e-07
95.404006 -3.2932699e-07
95.450904 -3.2982877e-07
95.497802 -3.3033281e-07
95.5447 -3.3083913e-07
95.591597 -3.3134772e-07
95.638495 -3.3185858e-07
95.685393 -3.3237173e-07
95.732291 -3.3288716e-07
95.779189 -3.3340487e-07
95.826087 -3.3392488e-07
95.872985 -3.3444717e-07
95.919883 -3.3497176e-07
95.966781 -3.3549864e-07
96.013679 -3.3602782e-07
96.060576 -3.3655931e-07
96.107474 -3.370931e-07
96.154372 -3.3762919e-07
96.20127 -3.381676e-07
96.248168 -3.3870832e-07
96.295066 -3.3925135e-07
96.341964 -3.397967e-07
96.388862 -3.4034437e-07
96.43576 -3.4089437e-07
96.482658 -3.4144669e-07
96.529555 -3.4200134e-07
96.576453 -3.4255832e-07
96.623351 -3.4311764e-07
96.670249 -3.4367929e-07
96.717147 -3.4424328e-07
96.764045 -3.4480962e-07
96.810943 -3.453783e-07
96.857841 -3.4594933e-07
96.904739 -3.4652271e-07
96.951637 -3.4709844e-07
96.998534 -3.4767653e-07
97.045432 -3.4825698e-07
97.09233 -3.4883979e-07
97.139228 -3.4942496e-07
97.186126 -3.500125e-07
97.233024 -3.5060242e-07
97.279922 -3.511947e-07
97.32682 -3.5178936e-07
97.373718 -3.5238639e-07
97.420616 -3.5298581e-07
97.467513 -3.5358761e-07
97.514411 -3.541918e-07
97.561309 -3.5479837e-07
97.608207 -3.5540734e-07
97.655105 -3.560187e-07
97.702003 -3.5663245e-07
97.748901 -3.5724861e-07
97.795799 -3.5786717e-07
97.842697 -3.5848814e-07
97.889595 -3.5911151e-07
97.936492 -3.5973729e-07
97.98339 -3.6036549e-07
98.030288 -3.609961e-07
98.077186 -3.6162913e-07
98.124084 -3.6226458e-07
98.170982 -3.6290246e-07
98.21788 -3.6354276e-07
98.264778 -3.641855e-07
98.311676 -3.6483066e-07
98.358574 -3.6547826e-07
98.405471 -3.661283e-07
98.452369 -3.6678078e-07
98.499267 -3.674357e-07
98.546165 -3.6809307e-07
98.593063 -3.6875289e-07
98.639961 -3.6941515e-07
98.686859 -3.7007988e-07
98.733757 -3.7074705e-07
98.780655 -3.7141669e-07
98.827553 -3.7208879e-07
98.87445 -3.7276336e-07
98.921348 -3.7344039e-07
98.968246 -3.741199e-07
99.015144 -3.7480187e-07
99.062042 -3.7548632e-07
99.10894 -3.7617326e-07
99.155838 -3.7686267e-07
99.202736 -3.7755457e-07
99.249634 -3.7824895e-07
99.296532 -3.7894582e-07
99.343429 -3.7964519e-07
99.390327 -3.8034705e-07
99.437225 -3.810514e-07
99.484123 -3.8175826e-07
99.531021 -3.8246762e-07
99.577919 -3.8317949e-07
99.624817 -3.8389387e-07
99.671715 -3.8461075e-07
99.718613 -3.8533015e-07
99.765511 -3.8605207e-07
99.812408 -3.8677651e-07
99.859306 -3.8750347e-07
99.906204 -3.8823295e-07
99.953102 -3.8896496e-07
100 -3.896995e-07

