5 -0.0046275314
5.012213 -0.004547747
5.024426 -0.0044694109
5.036639 -0.004392498
5.048852 -0.0043169838
5.061065 -0.004242844
5.073278 -0.0041700544
5.085491 -0.0040985912
5.097704 -0.0040284312
5.109917 -0.0039595511
5.1221299 -0.003891928
5.1343429 -0.0038255395
5.1465559 -0.0037603634
5.1587689 -0.0036963778
5.1709819 -0.0036335612
5.1831949 -0.0035718922
5.1954079 -0.0035113501
5.2076209 -0.0034519141
5.2198339 -0.003393564
5.2320469 -0.0033362799
5.2442599 -0.0032800421
5.2564729 -0.0032248313
5.2686859 -0.0031706284
5.2808989 -0.0031174148
5.2931119 -0.0030651721
5.3053249 -0.0030138822
5.3175379 -0.0029635273
5.3297509 -0.0029140899
5.3419638 -0.0028655529
5.3541768 -0.0028178994
5.3663898 -0.0027711128
5.3786028 -0.0027251768
5.3908158 -0.0026800754
5.4030288 -0.0026357928
5.4152418 -0.0025923138
5.4274548 -0.0025496229
5.4396678 -0.0025077055
5.4518808 -0.0024665468
5.4640938 -0.0024261325
5.4763068 -0.0023864485
5.4885198 -0.002347481
5.5007328 -0.0023092163
5.5129458 -0.0022716412
5.5251588 -0.0022347426
5.5373718 -0.0021985077
5.5495848 -0.0021629237
5.5617978 -0.0021279785
5.5740107 -0.0020936598
5.5862237 -0.0020599557
5.5984367 -0.0020268547
5.6106497 -0.0019943451
5.6228627 -0.0019624159
5.6350757 -0.0019310559
5.6472887 -0.0019002543
5.6595017 -0.0018700007
5.6717147 -0.0018402844
5.6839277 -0.0018110955
5.6961407 -0.0017824237
5.7083537 -0.0017542594
5.7205667 -0.0017265929
5.7327797 -0.0016994148
5.7449927 -0.0016727158
5.7572057 -0.0016464869
5.7694187 -0.0016207191
5.7816317 -0.0015954037
5.7938447 -0.0015705322
5.8060576 -0.0015460962
5.8182706 -0.0015220874
5.8304836 -0.0014984978
5.8426966 -0.0014753195
5.8549096 -0.0014525447
5.8671226 -0.0014301659
5.8793356 -0.0014081755
5.8915486 -0.0013865663
5.9037616 -0.001365331
5.9159746 -0.0013444628
5.9281876 -0.0013239546
5.9404006 -0.0013037998
5.9526136 -0.0012839917
5.9648266 -0.0012645238
5.9770396 -0.0012453898
5.9892526 -0.0012265835
6.0014656 -0.0012080986
6.0136786 -0.0011899293
6.0258915 -0.0011720696
6.0381045 -0.0011545137
6.0503175 -0.0011372561
6.0625305 -0.0011202913
6.0747435 -0.0011036136
6.0869565 -0.0010872179
6.0991695 -0.0010710989
6.1113825 -0.0010552516
6.1235955 -0.0010396708
6.1358085 -0.0010243517
6.1480215 -0.0010092894
6.1602345 -0.00099447921
6.1724475 -0.00097991653
6.1846605 -0.00096559678
6.1968735 -0.00095151552
6.2090865 -0.00093766837
6.2212995 -0.00092405105
6.2335125 -0.00091065935
6.2457255 -0.00089748917
6.2579384 -0.00088453645
6.2701514 -0.00087179725
6.2823644 -0.00085926768
6.2945774 -0.00084694393
6.3067904 -0.00083482228
6.3190034 -0.00082289905
6.3312164 -0.00081117067
6.3434294 -0.0007996336
6.3556424 -0.00078828441
6.3678554 -0.0007771197
6.3800684 -0.00076613617
6.3922814 -0.00075533054
6.4044944 -0.00074469963
6.4167074 -0.00073424031
6.4289204 -0.00072394952
6.4411334 -0.00071382423
6.4533464 -0.00070386149
6.4655594 -0.00069405842
6.4777723 -0.00068441217
6.4899853 -0.00067491995
6.5021983 -0.00066557903
6.5144113 -0.00065638673
6.5266243 -0.00064734042
6.5388373 -0.00063843753
6.5510503 -0.00062967552
6.5632633 -0.00062105191
6.5754763 -0.00061256428
6.5876893 -0.00060421022
6.5999023 -0.00059598741
6.6121153 -0.00058789354
6.6243283 -0.00057992635
6.6365413 -0.00057208365
6.6487543 -0.00056436325
6.6609673 -0.00055676303
6.6731803 -0.0005492809
6.6853933 -0.00054191482
6.6976063 -0.00053466277
6.7098192 -0.00052752278
6.7220322 -0.00052049292
6.7342452 -0.00051357129
6.7464582 -0.00050675602
6.7586712 -0.00050004529
6.7708842 -0.0004934373
6.7830972 -0.00048693029
6.7953102 -0.00048052254
6.8075232 -0.00047421234
6.8197362 -0.00046799805
6.8319492 -0.00046187801
6.8441622 -0.00045585064
6.8563752 -0.00044991436
6.8685882 -0.00044406762
6.8808012 -0.00043830891
6.8930142 -0.00043263674
6.9052272 -0.00042704966
6.9174402 -0.00042154623
6.9296532 -0.00041612504
6.9418661 -0.00041078472
6.9540791 -0.00040552391
6.9662921 -0.00040034128
6.9785051 -0.00039523552
6.9907181 -0.00039020536
7.0029311 -0.00038524953
7.0151441 -0.00038036679
7.0273571 -0.00037555595
7.0395701 -0.0003708158
7.0517831 -0.00036614517
7.0639961 -0.00036154292
7.0762091 -0.00035700792
7.0884221 -0.00035253907
7.1006351 -0.00034813528
7.1128481 -0.00034379547
7.1250611 -0.0003395186
7.1372741 -0.00033530365
7.1494871 -0.0003311496
7.1617 -0.00032705547
7.173913 -0.00032302026
7.186126 -0.00031904304
7.198339 -0.00031512285
7.210552 -0.00031125878
7.222765 -0.00030744992
7.234978 -0.00030369537
7.247191 -0.00029999427
7.259404 -0.00029634575
7.271617 -0.00029274896
7.28383 -0.00028920309
7.296043 -0.00028570732
7.308256 -0.00028226084
7.320469 -0.00027886286
7.332682 -0.00027551263
7.344895 -0.00027220937
7.357108 -0.00026895235
7.369321 -0.00026574083
7.381534 -0.00026257409
7.3937469 -0.00025945142
7.4059599 -0.00025637213
7.4181729 -0.00025333554
7.4303859 -0.00025034098
7.4425989 -0.00024738778
7.4548119 -0.00024447531
7.4670249 -0.00024160291
7.4792379 -0.00023876998
7.4914509 -0.00023597589
7.5036639 -0.00023322004
7.5158769 -0.00023050184
7.5280899 -0.0002278207
7.5403029 -0.00022517605
7.5525159 -0.00022256732
7.5647289 -0.00021999397
7.5769419 -0.00021745544
7.5891549 -0.00021495121
7.6013679 -0.00021248075
7.6135809 -0.00021004353
7.6257938 -0.00020763905
7.6380068 -0.00020526682
7.6502198 -0.00020292634
7.6624328 -0.00020061712
7.6746458 -0.0001983387
7.6868588 -0.0001960906
7.6990718 -0.00019387237
7.7112848 -0.00019168355
7.7234978 -0.00018952371
7.7357108 -0.0001873924
7.7479238 -0.0001852892
7.7601368 -0.00018321368
7.7723498 -0.00018116544
7.7845628 -0.00017914406
7.7967758 -0.00017714913
7.8089888 -0.00017518028
7.8212018 -0.00017323711
7.8334148 -0.00017131923
7.8456277 -0.00016942627
7.8578407 -0.00016755787
7.8700537 -0.00016571366
7.8822667 -0.00016389329
7.8944797 -0.00016209639
7.9066927 -0.00016032264
7.9189057 -0.00015857168
7.9311187 -0.00015684319
7.9433317 -0.00015513683
7.9555447 -0.00015345228
7.9677577 -0.00015178923
7.9799707 -0.00015014736
7.9921837 -0.00014852636
8.0043967 -0.00014692593
8.0166097 -0.00014534577
8.0288227 -0.0001437856
8.0410357 -0.00014224511
8.0532487 -0.00014072404
8.0654617 -0.00013922209
8.0776746 -0.00013773899
8.0898876 -0.00013627448
8.1021006 -0.00013482828
8.1143136 -0.00013340015
8.1265266 -0.0001319898
8.1387396 -0.00013059701
8.1509526 -0.00012922151
8.1631656 -0.00012786305
8.1753786 -0.00012652141
8.1875916 -0.00012519634
8.1998046 -0.0001238876
8.2120176 -0.00012259497
8.2242306 -0.00012131822
8.2364436 -0.00012005713
8.2486566 -0.00011881147
8.2608696 -0.00011758103
8.2730826 -0.0001163656
8.2852956 -0.00011516497
8.2975085 -0.00011397893
8.3097215 -0.00011280728
8.3219345 -0.00011164982
8.3341475 -0.00011050636
8.3463605 -0.00010937669
8.3585735 -0.00010826063
8.3707865 -0.00010715799
8.3829995 -0.00010606858
8.3952125 -0.00010499223
8.4074255 -0.00010392876
8.4196385 -0.00010287798
8.4318515 -0.00010183973
8.4440645 -0.00010081383
8.4562775 -9.980012e-05
8.4684905 -9.8798427e-05
8.4807035 -9.7808589e-05
8.4929165 -9.6830446e-05
8.5051295 -9.586384e-05
8.5173425 -9.4908615e-05
8.5295554 -9.3964616e-05
8.5417684 -9.3031694e-05
8.5539814 -9.2109698e-05
8.5661944 -9.1198483e-05
8.5784074 -9.0297902e-05
8.5906204 -8.9407815e-05
8.6028334 -8.8528081e-05
8.6150464 -8.7658561e-05
8.6272594 -8.6799119e-05
8.6394724 -8.5949623e-05
8.6516854 -8.5109938e-05
8.6638984 -8.4279936e-05
8.6761114 -8.3459489e-05
8.6883244 -8.2648469e-05
8.7005374 -8.1846753e-05
8.7127504 -8.1054218e-05
8.7249634 -8.0270743e-05
8.7371764 -7.949621e-05
8.7493894 -7.8730501e-05
8.7616023 -7.7973501e-05
8.7738153 -7.7225096e-05
8.7860283 -7.6485174e-05
8.7982413 -7.5753624e-05
8.8104543 -7.5030338e-05
8.8226673 -7.4315208e-05
8.8348803 -7.3608129e-05
8.8470933 -7.2908997e-05
8.8593063 -7.2217709e-05
8.8715193 -7.1534163e-05
8.8837323 -7.0858261e-05
8.8959453 -7.0189903e-05
8.9081583 -6.9528994e-05
8.9203713 -6.8875437e-05
8.9325843 -6.8229139e-05
8.9447973 -6.7590007e-05
8.9570103 -6.695795e-05
8.9692233 -6.6332877e-05
8.9814362 -6.57147e-05
8.9936492 -6.5103331e-05
9.0058622 -6.4498684e-05
9.0180752 -6.3900675e-05
9.0302882 -6.3309218e-05
9.0425012 -6.2724232e-05
9.0547142 -6.2145636e-05
9.0669272 -6.1573348e-05
9.0791402 -6.100729e-05
9.0913532 -6.0447384e-05
9.1035662 -5.9893552e-05
9.1157792 -5.934572e-05
9.1279922 -5.8803811e-05
9.1402052 -5.8267753e-05
9.1524182 -5.7737473e-05
9.1646312 -5.7212899e-05
9.1768442 -5.669396e-05
9.1890572 -5.6180587e-05
9.2012702 -5.5672711e-05
9.2134831 -5.5170264e-05
9.2256961 -5.4673179e-05
9.2379091 -5.4181391e-05
9.2501221 -5.3694834e-05
9.2623351 -5.3213445e-05
9.2745481 -5.273716e-05
9.2867611 -5.2265916e-05
9.2989741 -5.1799653e-05
9.3111871 -5.133831e-05
9.3234001 -5.0881827e-05
9.3356131 -5.0430144e-05
9.3478261 -4.9983204e-05
9.3600391 -4.954095e-05
9.3722521 -4.9103325e-05
9.3844651 -4.8670272e-05
9.3966781 -4.8241738e-05
9.4088911 -4.7817667e-05
9.4211041 -4.7398006e-05
9.433317 -4.6982703e-05
9.44553 -4.6571704e-05
9.457743 -4.6164959e-05
9.469956 -4.5762417e-05
9.482169 -4.5364027e-05
9.494382 -4.4969741e-05
9.506595 -4.457951e-05
9.518808 -4.4193285e-05
9.531021 -4.381102e-05
9.543234 -4.3432667e-05
9.555447 -4.305818e-05
9.56766 -4.2687514e-05
9.579873 -4.2320624e-05
9.592086 -4.1957465e-05
9.604299 -4.1597993e-05
9.616512 -4.1242166e-05
9.628725 -4.0889941e-05
9.640938 -4.0541276e-05
9.653151 -4.0196129e-05
9.6653639 -3.9854459e-05
9.6775769 -3.9516226e-05
9.6897899 -3.918139e-05
9.7020029 -3.8849912e-05
9.7142159 -3.8521752e-05
9.7264289 -3.8196874e-05
9.7386419 -3.7875237e-05
9.7508549 -3.7556806e-05
9.7630679 -3.7241544e-05
9.7752809 -3.6929414e-05
9.7874939 -3.6620379e-05
9.7997069 -3.6314406e-05
9.8119199 -3.6011458e-05
9.8241329 -3.5711502e-05
9.8363459 -3.5414503e-05
9.8485589 -3.5120427e-05
9.8607719 -3.4829241e-05
9.8729849 -3.4540913e-05
9.8851979 -3.425541e-05
9.8974108 -3.3972701e-05
9.9096238 -3.3692753e-05
9.9218368 -3.3415535e-05
9.9340498 -3.3141017e-05
9.9462628 -3.2869169e-05
9.9584758 -3.259996e-05
9.9706888 -3.2333361e-05
9.9829018 -3.2069343e-05
9.9951148 -3.1807876e-05
10.007328 -3.1548933e-05
10.019541 -3.1292485e-05
10.031754 -3.1038504e-05
10.043967 -3.0786963e-05
10.05618 -3.0537836e-05
10.068393 -3.0291095e-05
10.080606 -3.0046713e-05
10.092819 -2.9804665e-05
10.105032 -2.9564926e-05
10.117245 -2.9327469e-05
10.129458 -2.9092269e-05
10.141671 -2.8859302e-05
10.153884 -2.8628544e-05
10.166097 -2.839997e-05
10.17831 -2.8173556e-05
10.190523 -2.7949278e-05
10.202736 -2.7727114e-05
10.214949 -2.750704e-05
10.227162 -2.7289034e-05
10.239375 -2.7073073e-05
10.251588 -2.6859135e-05
10.263801 -2.6647198e-05
10.276014 -2.6437241e-05
10.288227 -2.6229242e-05
10.30044 -2.602318e-05
10.312653 -2.5819034e-05
10.324866 -2.5616784e-05
10.337079 -2.5416409e-05
10.349292 -2.5217889e-05
10.361505 -2.5021205e-05
10.373718 -2.4826336e-05
10.385931 -2.4633264e-05
10.398144 -2.4441969e-05
10.410357 -2.4252432e-05
10.42257 -2.4064635e-05
10.434783 -2.387856e-05
10.446996 -2.3694187e-05
10.459209 -2.3511499e-05
10.471422 -2.3330479e-05
10.483635 -2.3151108e-05
10.495848 -2.2973369e-05
10.508061 -2.2797246e-05
10.520274 -2.262272e-05
10.532487 -2.2449776e-05
10.5447 -2.2278397e-05
10.556913 -2.2108566e-05
10.569126 -2.1940268e-05
10.581339 -2.1773486e-05
10.593552 -2.1608204e-05
10.605765 -2.1444407e-05
10.617978 -2.128208e-05
10.630191 -2.1121207e-05
10.642404 -2.0961773e-05
10.654617 -2.0803763e-05
10.66683 -2.0647163e-05
10.679043 -2.0491959e-05
10.691255 -2.0338134e-05
10.703468 -2.0185677e-05
10.715681 -2.0034572e-05
10.727894 -1.9884805e-05
10.740107 -1.9736364e-05
10.75232 -1.9589233e-05
10.764533 -1.9443401e-05
10.776746 -1.9298853e-05
10.788959 -1.9155578e-05
10.801172 -1.901356e-05
10.813385 -1.8872789e-05
10.825598 -1.8733251e-05
10.837811 -1.8594934e-05
10.850024 -1.8457825e-05
10.862237 -1.8321913e-05
10.87445 -1.8187185e-05
10.886663 -1.8053629e-05
10.898876 -1.7921234e-05
10.911089 -1.7789987e-05
10.923302 -1.7659878e-05
10.935515 -1.7530894e-05
10.947728 -1.7403025e-05
10.959941 -1.727626e-05
10.972154 -1.7150587e-05
10.984367 -1.7025996e-05
10.99658 -1.6902476e-05
11.008793 -1.6780016e-05
11.021006 -1.6658605e-05
11.033219 -1.6538234e-05
11.045432 -1.6418892e-05
11.057645 -1.6300569e-05
11.069858 -1.6183254e-05
11.082071 -1.6066939e-05
11.094284 -1.5951612e-05
11.106497 -1.5837265e-05
11.11871 -1.5723887e-05
11.130923 -1.561147e-05
11.143136 -1.5500003e-05
11.155349 -1.5389478e-05
11.167562 -1.5279885e-05
11.179775 -1.5171215e-05
11.191988 -1.5063459e-05
11.204201 -1.4956609e-05
11.216414 -1.4850655e-05
11.228627 -1.4745589e-05
11.24084 -1.4641402e-05
11.253053 -1.4538086e-05
11.265266 -1.4435632e-05
11.277479 -1.4334032e-05
11.289692 -1.4233278e-05
11.301905 -1.4133362e-05
11.314118 -1.4034275e-05
11.326331 -1.3936009e-05
11.338544 -1.3838558e-05
11.350757 -1.3741912e-05
11.36297 -1.3646064e-05
11.375183 -1.3551007e-05
11.387396 -1.3456734e-05
11.399609 -1.3363235e-05
11.411822 -1.3270505e-05
11.424035 -1.3178536e-05
11.436248 -1.3087321e-05
11.448461 -1.2996852e-05
11.460674 -1.2907123e-05
11.472887 -1.2818126e-05
11.4851 -1.2729854e-05
11.497313 -1.2642302e-05
11.509526 -1.2555461e-05
11.521739 -1.2469326e-05
11.533952 -1.238389e-05
11.546165 -1.2299145e-05
11.558378 -1.2215087e-05
11.570591 -1.2131707e-05
11.582804 -1.2049e-05
11.595017 -1.196696e-05
11.60723 -1.1885581e-05
11.619443 -1.1804855e-05
11.631656 -1.1724778e-05
11.643869 -1.1645343e-05
11.656082 -1.1566544e-05
11.668295 -1.1488376e-05
11.680508 -1.1410831e-05
11.692721 -1.1333906e-05
11.704934 -1.1257594e-05
11.717147 -1.1181889e-05
11.72936 -1.1106785e-05
11.741573 -1.1032278e-05
11.753786 -1.0958362e-05
11.765999 -1.0885031e-05
11.778212 -1.081228e-05
11.790425 -1.0740104e-05
11.802638 -1.0668497e-05
11.814851 -1.0597455e-05
11.827064 -1.0526971e-05
11.839277 -1.0457042e-05
11.85149 -1.0387661e-05
11.863703 -1.0318825e-05
11.875916 -1.0250528e-05
11.888129 -1.0182765e-05
11.900342 -1.0115531e-05
11.912555 -1.0048822e-05
11.924768 -9.9826322e-06
11.936981 -9.9169581e-06
11.949194 -9.8517944e-06
11.961407 -9.7871367e-06
11.97362 -9.7229804e-06
11.985833 -9.659321e-06
11.998046 -9.5961541e-06
12.010259 -9.5334753e-06
12.022472 -9.4712801e-06
12.034685 -9.4095643e-06
12.046898 -9.3483237e-06
12.059111 -9.2875539e-06
12.071324 -9.2272508e-06
12.083537 -9.1674103e-06
12.09575 -9.1080283e-06
12.107963 -9.0491006e-06
12.120176 -8.9906233e-06
12.132389 -8.9325925e-06
12.144602 -8.8750041e-06
12.156815 -8.8178542e-06
12.169028 -8.7611391e-06
12.181241 -8.7048548e-06
12.193454 -8.6489977e-06
12.205667 -8.5935638e-06
12.21788 -8.5385497e-06
12.230093 -8.4839515e-06
12.242306 -8.4297656e-06
12.254519 -8.3759885e-06
12.266732 -8.3226166e-06
12.278945 -8.2696463e-06
12.291158 -8.2170741e-06
12.303371 -8.1648967e-06
12.315584 -8.1131105e-06
12.327797 -8.0617122e-06
12.34001 -8.0106984e-06
12.352223 -7.9600659e-06
12.364436 -7.9098112e-06
12.376649 -7.8599312e-06
12.388862 -7.8104226e-06
12.401075 -7.7612822e-06
12.413288 -7.7125069e-06
12.425501 -7.6640935e-06
12.437714 -7.6160389e-06
12.449927 -7.5683401e-06
12.46214 -7.5209939e-06
12.474353 -7.4739975e-06
12.486566 -7.4273478e-06
12.498779 -7.3810418e-06
12.510992 -7.3350767e-06
12.523205 -7.2894495e-06
12.535418 -7.2441573e-06
12.547631 -7.1991973e-06
12.559844 -7.1545668e-06
12.572057 -7.1102628e-06
12.58427 -7.0662828e-06
12.596483 -7.0226238e-06
12.608696 -6.9792832e-06
12.620909 -6.9362583e-06
12.633122 -6.8935465e-06
12.645335 -6.8511452e-06
12.657548 -6.8090516e-06
12.669761 -6.7672633e-06
12.681974 -6.7257777e-06
12.694187 -6.6845923e-06
12.7064 -6.6437045e-06
12.718613 -6.6031118e-06
12.730826 -6.5628118e-06
12.743039 -6.5228021e-06
12.755252 -6.4830803e-06
12.767465 -6.4436439e-06
12.779678 -6.4044906e-06
12.791891 -6.365618e-06
12.804104 -6.3270238e-06
12.816317 -6.2887058e-06
12.82853 -6.2506615e-06
12.840743 -6.2128888e-06
12.852956 -6.1753855e-06
12.865169 -6.1381492e-06
12.877382 -6.1011779e-06
12.889595 -6.0644693e-06
12.901808 -6.0280213e-06
12.914021 -5.9918317e-06
12.926234 -5.9558984e-06
12.938447 -5.9202194e-06
12.95066 -5.8847925e-06
12.962872 -5.8496157e-06
12.975085 -5.8146869e-06
12.987298 -5.7800042e-06
12.999511 -5.7455655e-06
13.011724 -5.7113689e-06
13.023937 -5.6774123e-06
13.03615 -5.6436939e-06
13.048363 -5.6102117e-06
13.060576 -5.5769638e-06
13.072789 -5.5439483e-06
13.085002 -5.5111633e-06
13.097215 -5.478607e-06
13.109428 -5.4462775e-06
13.121641 -5.414173e-06
13.133854 -5.3822917e-06
13.146067 -5.3506318e-06
13.15828 -5.3191915e-06
13.170493 -5.2879691e-06
13.182706 -5.2569628e-06
13.194919 -5.2261709e-06
13.207132 -5.1955917e-06
13.219345 -5.1652235e-06
13.231558 -5.1350645e-06
13.243771 -5.1051133e-06
13.255984 -5.075368e-06
13.268197 -5.0458271e-06
13.28041 -5.0164889e-06
13.292623 -4.9873518e-06
13.304836 -4.9584143e-06
13.317049 -4.9296747e-06
13.329262 -4.9011315e-06
13.341475 -4.8727832e-06
13.353688 -4.8446281e-06
13.365901 -4.8166649e-06
13.378114 -4.7888919e-06
13.390327 -4.7613077e-06
13.40254 -4.7339109e-06
13.414753 -4.7066998e-06
13.426966 -4.6796731e-06
13.439179 -4.6528294e-06
13.451392 -4.6261672e-06
13.463605 -4.5996851e-06
13.475818 -4.5733816e-06
13.488031 -4.5472555e-06
13.500244 -4.5213053e-06
13.512457 -4.4955296e-06
13.52467 -4.4699271e-06
13.536883 -4.4444964e-06
13.549096 -4.4192363e-06
13.561309 -4.3941454e-06
13.573522 -4.3692224e-06
13.585735 -4.3444659e-06
13.597948 -4.3198748e-06
13.610161 -4.2954477e-06
13.622374 -4.2711834e-06
13.634587 -4.2470806e-06
13.6468 -4.223138e-06
13.659013 -4.1993546e-06
13.671226 -4.1757289e-06
13.683439 -4.1522599e-06
13.695652 -4.1289463e-06
13.707865 -4.1057869e-06
13.720078 -4.0827806e-06
13.732291 -4.0599262e-06
13.744504 -4.0372225e-06
13.756717 -4.0146684e-06
13.76893 -3.9922628e-06
13.781143 -3.9700044e-06
13.793356 -3.9478923e-06
13.805569 -3.9259253e-06
13.817782 -3.9041022e-06
13.829995 -3.8824221e-06
13.842208 -3.8608838e-06
13.854421 -3.8394862e-06
13.866634 -3.8182284e-06
13.878847 -3.7971092e-06
13.89106 -3.7761276e-06
13.903273 -3.7552825e-06
13.915486 -3.734573e-06
13.927699 -3.713998e-06
13.939912 -3.6935566e-06
13.952125 -3.6732476e-06
13.964338 -3.6530702e-06
13.976551 -3.6330233e-06
13.988764 -3.613106e-06
14.000977 -3.5933173e-06
14.01319 -3.5736562e-06
14.025403 -3.5541218e-06
14.037616 -3.5347132e-06
14.049829 -3.5154294e-06
14.062042 -3.4962695e-06
14.074255 -3.4772325e-06
14.086468 -3.4583177e-06
14.098681 -3.4395239e-06
14.110894 -3.4208505e-06
14.123107 -3.4022964e-06
14.13532 -3.3838608e-06
14.147533 -3.3655429e-06
14.159746 -3.3473417e-06
14.171959 -3.3292564e-06
14.184172 -3.3112861e-06
14.196385 -3.2934301e-06
14.208598 -3.2756874e-06
14.220811 -3.2580573e-06
14.233024 -3.2405389e-06
14.245237 -3.2231313e-06
14.25745 -3.2058339e-06
14.269663 -3.1886457e-06
14.281876 -3.1715661e-06
14.294089 -3.1545941e-06
14.306302 -3.1377291e-06
14.318515 -3.1209702e-06
14.330728 -3.1043166e-06
14.342941 -3.0877677e-06
14.355154 -3.0713226e-06
14.367367 -3.0549806e-06
14.37958 -3.038741e-06
14.391793 -3.022603e-06
14.404006 -3.0065658e-06
14.416219 -2.9906288e-06
14.428432 -2.9747912e-06
14.440645 -2.9590524e-06
14.452858 -2.9434115e-06
14.465071 -2.927868e-06
14.477284 -2.9124211e-06
14.489497 -2.89707e-06
14.50171 -2.8818142e-06
14.513923 -2.866653e-06
14.526136 -2.8515856e-06
14.538349 -2.8366114e-06
14.550562 -2.8217297e-06
14.562775 -2.8069399e-06
14.574988 -2.7922414e-06
14.587201 -2.7776334e-06
14.599414 -2.7631153e-06
14.611627 -2.7486865e-06
14.62384 -2.7343464e-06
14.636053 -2.7200943e-06
14.648266 -2.7059296e-06
14.660479 -2.6918517e-06
14.672692 -2.67786e-06
14.684905 -2.6639539e-06
14.697118 -2.6501327e-06
14.709331 -2.6363959e-06
14.721544 -2.6227428e-06
14.733757 -2.609173e-06
14.74597 -2.5956857e-06
14.758183 -2.5822804e-06
14.770396 -2.5689566e-06
14.782609 -2.5557137e-06
14.794822 -2.5425511e-06
14.807035 -2.5294682e-06
14.819248 -2.5164645e-06
14.831461 -2.5035395e-06
14.843674 -2.4906926e-06
14.855887 -2.4779231e-06
14.8681 -2.4652307e-06
14.880313 -2.4526148e-06
14.892526 -2.4400748e-06
14.904739 -2.4276103e-06
14.916952 -2.4152206e-06
14.929165 -2.4029053e-06
14.941378 -2.3906638e-06
14.953591 -2.3784957e-06
14.965804 -2.3664004e-06
14.978017 -2.3543775e-06
14.99023 -2.3424264e-06
15.002443 -2.3305467e-06
15.014656 -2.3187378e-06
15.026869 -2.3069993e-06
15.039082 -2.2953307e-06
15.051295 -2.2837314e-06
15.063508 -2.2722012e-06
15.075721 -2.2607393e-06
15.087934 -2.2493455e-06
15.100147 -2.2380191e-06
15.11236 -2.2267599e-06
15.124573 -2.2155672e-06
15.136786 -2.2044407e-06
15.148999 -2.1933799e-06
15.161212 -2.1823844e-06
15.173425 -2.1714536e-06
15.185638 -2.1605873e-06
15.197851 -2.1497849e-06
15.210064 -2.1390459e-06
15.222277 -2.1283701e-06
15.234489 -2.1177569e-06
15.246702 -2.1072059e-06
15.258915 -2.0967167e-06
15.271128 -2.0862889e-06
15.283341 -2.075922e-06
15.295554 -2.0656158e-06
15.307767 -2.0553696e-06
15.31998 -2.0451833e-06
15.332193 -2.0350562e-06
15.344406 -2.0249881e-06
15.356619 -2.0149786e-06
15.368832 -2.0050272e-06
15.381045 -1.9951336e-06
15.393258 -1.9852974e-06
15.405471 -1.9755182e-06
15.417684 -1.9657956e-06
15.429897 -1.9561293e-06
15.44211 -1.9465188e-06
15.454323 -1.9369638e-06
15.466536 -1.9274639e-06
15.478749 -1.9180189e-06
15.490962 -1.9086282e-06
15.503175 -1.8992915e-06
15.515388 -1.8900085e-06
15.527601 -1.8807789e-06
15.539814 -1.8716022e-06
15.552027 -1.8624781e-06
15.56424 -1.8534063e-06
15.576453 -1.8443865e-06
15.588666 -1.8354182e-06
15.600879 -1.8265011e-06
15.613092 -1.817635e-06
15.625305 -1.8088195e-06
15.637518 -1.8000542e-06
15.649731 -1.7913388e-06
15.661944 -1.782673e-06
15.674157 -1.7740564e-06
15.68637 -1.7654888e-06
15.698583 -1.7569698e-06
15.710796 -1.7484991e-06
15.723009 -1.7400764e-06
15.735222 -1.7317014e-06
15.747435 -1.7233737e-06
15.759648 -1.7150931e-06
15.771861 -1.7068592e-06
15.784074 -1.6986718e-06
15.796287 -1.6905305e-06
15.8085 -1.6824351e-06
15.820713 -1.6743852e-06
15.832926 -1.6663805e-06
15.845139 -1.6584208e-06
15.857352 -1.6505058e-06
15.869565 -1.6426352e-06
15.881778 -1.6348086e-06
15.893991 -1.6270259e-06
15.906204 -1.6192866e-06
15.918417 -1.6115907e-06
15.93063 -1.6039377e-06
15.942843 -1.5963273e-06
15.955056 -1.5887594e-06
15.967269 -1.5812337e-06
15.979482 -1.5737498e-06
15.991695 -1.5663075e-06
16.003908 -1.5589066e-06
16.016121 -1.5515467e-06
16.028334 -1.5442276e-06
16.040547 -1.5369491e-06
16.05276 -1.5297109e-06
16.064973 -1.5225128e-06
16.077186 -1.5153544e-06
16.089399 -1.5082355e-06
16.101612 -1.501156e-06
16.113825 -1.4941154e-06
16.126038 -1.4871136e-06
16.138251 -1.4801504e-06
16.150464 -1.4732255e-06
16.162677 -1.4663386e-06
16.17489 -1.4594895e-06
16.187103 -1.452678e-06
16.199316 -1.4459038e-06
16.211529 -1.4391667e-06
16.223742 -1.4324665e-06
16.235955 -1.4258029e-06
16.248168 -1.4191757e-06
16.260381 -1.4125847e-06
16.272594 -1.4060296e-06
16.284807 -1.3995102e-06
16.29702 -1.3930264e-06
16.309233 -1.3865778e-06
16.321446 -1.3801642e-06
16.333659 -1.3737855e-06
16.345872 -1.3674414e-06
16.358085 -1.3611317e-06
16.370298 -1.3548562e-06
16.382511 -1.3486147e-06
16.394724 -1.3424069e-06
16.406937 -1.3362327e-06
16.41915 -1.3300918e-06
16.431363 -1.323984e-06
16.443576 -1.3179092e-06
16.455789 -1.3118671e-06
16.468002 -1.3058575e-06
16.480215 -1.2998803e-06
16.492428 -1.2939351e-06
16.504641 -1.2880219e-06
16.516854 -1.2821404e-06
16.529067 -1.2762904e-06
16.54128 -1.2704718e-06
16.553493 -1.2646843e-06
16.565706 -1.2589277e-06
16.577919 -1.2532019e-06
16.590132 -1.2475067e-06
16.602345 -1.2418419e-06
16.614558 -1.2362072e-06
16.626771 -1.2306026e-06
16.638984 -1.2250278e-06
16.651197 -1.2194826e-06
16.66341 -1.2139669e-06
16.675623 -1.2084805e-06
16.687836 -1.2030232e-06
16.700049 -1.1975948e-06
16.712262 -1.1921952e-06
16.724475 -1.1868241e-06
16.736688 -1.1814814e-06
16.748901 -1.176167e-06
16.761114 -1.1708806e-06
16.773327 -1.1656221e-06
16.78554 -1.1603913e-06
16.797753 -1.1551881e-06
16.809966 -1.1500123e-06
16.822179 -1.1448636e-06
16.834392 -1.139742e-06
16.846605 -1.1346474e-06
16.858818 -1.1295794e-06
16.871031 -1.124538e-06
16.883244 -1.119523e-06
16.895457 -1.1145342e-06
16.90767 -1.1095716e-06
16.919883 -1.1046348e-06
16.932096 -1.0997239e-06
16.944309 -1.0948385e-06
16.956522 -1.0899786e-06
16.968735 -1.0851441e-06
16.980948 -1.0803347e-06
16.993161 -1.0755503e-06
17.005374 -1.0707908e-06
17.017587 -1.066056e-06
17.0298 -1.0613457e-06
17.042013 -1.0566599e-06
17.054226 -1.0519983e-06
17.066439 -1.0473609e-06
17.078652 -1.0427475e-06
17.090865 -1.0381579e-06
17.103078 -1.033592e-06
17.115291 -1.0290496e-06
17.127504 -1.0245307e-06
17.139717 -1.0200351e-06
17.15193 -1.0155626e-06
17.164143 -1.0111131e-06
17.176356 -1.0066865e-06
17.188569 -1.0022826e-06
17.200782 -9.9790133e-07
17.212995 -9.9354252e-07
17.225208 -9.8920605e-07
17.237421 -9.8489178e-07
17.249634 -9.8059958e-07
17.261847 -9.7632933e-07
17.27406 -9.7208089e-07
17.286273 -9.6785414e-07
17.298486 -9.6364895e-07
17.310699 -9.5946519e-07
17.322912 -9.5530274e-07
17.335125 -9.5116147e-07
17.347338 -9.4704125e-07
17.359551 -9.4294198e-07
17.371764 -9.3886352e-07
17.383977 -9.3480574e-07
17.39619 -9.3076854e-07
17.408403 -9.2675179e-07
17.420616 -9.2275538e-07
17.432829 -9.1877917e-07
17.445042 -9.1482306e-07
17.457255 -9.1088694e-07
17.469468 -9.0697067e-07
17.481681 -9.0307415e-07
17.493894 -8.9919727e-07
17.506106 -8.9533991e-07
17.518319 -8.9150195e-07
17.530532 -8.8768329e-07
17.542745 -8.8388381e-07
17.554958 -8.8010341e-07
17.567171 -8.7634197e-07
17.579384 -8.7259938e-07
17.591597 -8.6887553e-07
17.60381 -8.6517033e-07
17.616023 -8.6148365e-07
17.628236 -8.5781539e-07
17.640449 -8.5416545e-07
17.652662 -8.5053373e-07
17.664875 -8.4692011e-07
17.677088 -8.433245e-07
17.689301 -8.3974679e-07
17.701514 -8.3618687e-07
17.713727 -8.3264465e-07
17.72594 -8.2912003e-07
17.738153 -8.256129e-07
17.750366 -8.2212317e-07
17.762579 -8.1865074e-07
17.774792 -8.151955e-07
17.787005 -8.1175736e-07
17.799218 -8.0833623e-07
17.811431 -8.04932e-07
17.823644 -8.0154458e-07
17.835857 -7.9817388e-07
17.84807 -7.9481979e-07
17.860283 -7.9148223e-07
17.872496 -7.8816111e-07
17.884709 -7.8485632e-07
17.896922 -7.8156778e-07
17.909135 -7.7829539e-07
17.921348 -7.7503907e-07
17.933561 -7.7179872e-07
17.945774 -7.6857426e-07
17.957987 -7.6536559e-07
17.9702 -7.6217262e-07
17.982413 -7.5899527e-07
17.994626 -7.5583345e-07
18.006839 -7.5268707e-07
18.019052 -7.4955605e-07
18.031265 -7.4644029e-07
18.043478 -7.4333972e-07
18.055691 -7.4025425e-07
18.067904 -7.3718379e-07
18.080117 -7.3412826e-07
18.09233 -7.3108758e-07
18.104543 -7.2806166e-07
18.116756 -7.2505042e-07
18.128969 -7.2205378e-07
18.141182 -7.1907166e-07
18.153395 -7.1610398e-07
18.165608 -7.1315065e-07
18.177821 -7.102116e-07
18.190034 -7.0728675e-07
18.202247 -7.0437602e-07
18.21446 -7.0147933e-07
18.226673 -6.9859661e-07
18.238886 -6.9572777e-07
18.251099 -6.9287273e-07
18.263312 -6.9003143e-07
18.275525 -6.8720379e-07
18.287738 -6.8438973e-07
18.299951 -6.8158918e-07
18.312164 -6.7880205e-07
18.324377 -6.7602829e-07
18.33659 -6.7326781e-07
18.348803 -6.7052054e-07
18.361016 -6.6778641e-07
18.373229 -6.6506535e-07
18.385442 -6.6235728e-07
18.397655 -6.5966213e-07
18.409868 -6.5697984e-07
18.422081 -6.5431033e-07
18.434294 -6.5165353e-07
18.446507 -6.4900938e-07
18.45872 -6.463778e-07
18.470933 -6.4375872e-07
18.483146 -6.4115208e-07
18.495359 -6.3855781e-07
18.507572 -6.3597584e-07
18.519785 -6.3340611e-07
18.531998 -6.3084855e-07
18.544211 -6.2830308e-07
18.556424 -6.2576965e-07
18.568637 -6.232482e-07
18.58085 -6.2073865e-07
18.593063 -6.1824094e-07
18.605276 -6.15755e-07
18.617489 -6.1328079e-07
18.629702 -6.1081822e-07
18.641915 -6.0836723e-07
18.654128 -6.0592778e-07
18.666341 -6.0349978e-07
18.678554 -6.0108319e-07
18.690767 -5.9867793e-07
18.70298 -5.9628395e-07
18.715193 -5.9390119e-07
18.727406 -5.9152958e-07
18.739619 -5.8916907e-07
18.751832 -5.868196e-07
18.764045 -5.8448111e-07
18.776258 -5.8215353e-07
18.788471 -5.7983682e-07
18.800684 -5.7753091e-07
18.812897 -5.7523574e-07
18.82511 -5.7295126e-07
18.837323 -5.7067741e-07
18.849536 -5.6841413e-07
18.861749 -5.6616137e-07
18.873962 -5.6391906e-07
18.886175 -5.6168717e-07
18.898388 -5.5946562e-07
18.910601 -5.5725437e-07
18.922814 -5.5505335e-07
18.935027 -5.5286252e-07
18.94724 -5.5068182e-07
18.959453 -5.485112e-07
18.971666 -5.463506e-07
18.983879 -5.4419998e-07
18.996092 -5.4205927e-07
19.008305 -5.3992842e-07
19.020518 -5.3780739e-07
19.032731 -5.3569612e-07
19.044944 -5.3359456e-07
19.057157 -5.3150265e-07
19.06937 -5.2942036e-07
19.081583 -5.2734762e-07
19.093796 -5.2528438e-07
19.106009 -5.2323061e-07
19.118222 -5.2118624e-07
19.130435 -5.1915122e-07
19.142648 -5.1712552e-07
19.154861 -5.1510907e-07
19.167074 -5.1310183e-07
19.179287 -5.1110376e-07
19.1915 -5.091148e-07
19.203713 -5.071349e-07
19.215926 -5.0516403e-07
19.228139 -5.0320212e-07
19.240352 -5.0124914e-07
19.252565 -4.9930504e-07
19.264778 -4.9736977e-07
19.276991 -4.9544329e-07
19.289204 -4.9352555e-07
19.301417 -4.916165e-07
19.31363 -4.897161e-07
19.325843 -4.8782431e-07
19.338056 -4.8594107e-07
19.350269 -4.8406635e-07
19.362482 -4.822001e-07
19.374695 -4.8034228e-07
19.386908 -4.7849284e-07
19.399121 -4.7665175e-07
19.411334 -4.7481894e-07
19.423547 -4.729944e-07
19.43576 -4.7117806e-07
19.447973 -4.6936989e-07
19.460186 -4.6756985e-07
19.472399 -4.6577789e-07
19.484612 -4.6399398e-07
19.496825 -4.6221807e-07
19.509038 -4.6045012e-07
19.521251 -4.5869009e-07
19.533464 -4.5693793e-07
19.545677 -4.5519362e-07
19.55789 -4.534571e-07
19.570103 -4.5172834e-07
19.582316 -4.500073e-07
19.594529 -4.4829394e-07
19.606742 -4.4658822e-07
19.618955 -4.448901e-07
19.631168 -4.4319954e-07
19.643381 -4.415165e-07
19.655594 -4.3984095e-07
19.667807 -4.3817284e-07
19.68002 -4.3651214e-07
19.692233 -4.3485881e-07
19.704446 -4.3321282e-07
19.716659 -4.3157412e-07
19.728872 -4.2994268e-07
19.741085 -4.2831846e-07
19.753298 -4.2670142e-07
19.765511 -4.2509154e-07
19.777723 -4.2348876e-07
19.789936 -4.2189307e-07
19.802149 -4.2030441e-07
19.814362 -4.1872275e-07
19.826575 -4.1714807e-07
19.838788 -4.1558032e-07
19.851001 -4.1401947e-07
19.863214 -4.1246548e-07
19.875427 -4.1091833e-07
19.88764 -4.0937797e-07
19.899853 -4.0784436e-07
19.912066 -4.0631749e-07
19.924279 -4.0479731e-07
19.936492 -4.0328379e-07
19.948705 -4.0177689e-07
19.960918 -4.0027658e-07
19.973131 -3.9878284e-07
19.985344 -3.9729562e-07
19.997557 -3.958149e-07
20.00977 -3.9434063e-07
20.021983 -3.928728e-07
20.034196 -3.9141136e-07
20.046409 -3.8995629e-07
20.058622 -3.8850755e-07
20.070835 -3.8706511e-07
20.083048 -3.8562894e-07
20.095261 -3.8419901e-07
20.107474 -3.8277529e-07
20.119687 -3.8135774e-07
20.1319 -3.7994634e-07
20.144113 -3.7854106e-07
20.156326 -3.7714186e-07
20.168539 -3.7574871e-07
20.180752 -3.7436159e-07
20.192965 -3.7298047e-07
20.205178 -3.716053e-07
20.217391 -3.7023608e-07
20.229604 -3.6887276e-07
20.241817 -3.6751532e-07
20.25403 -3.6616372e-07
20.266243 -3.6481795e-07
20.278456 -3.6347796e-07
20.290669 -3.6214374e-07
20.302882 -3.6081525e-07
20.315095 -3.5949246e-07
20.327308 -3.5817535e-07
20.339521 -3.5686389e-07
20.351734 -3.5555805e-07
20.363947 -3.542578e-07
20.37616 -3.5296312e-07
20.388373 -3.5167398e-07
20.400586 -3.5039035e-07
20.412799 -3.4911221e-07
20.425012 -3.4783952e-07
20.437225 -3.4657226e-07
20.449438 -3.4531041e-07
20.461651 -3.4405393e-07
20.473864 -3.4280281e-07
20.486077 -3.4155701e-07
20.49829 -3.4031651e-07
20.510503 -3.3908128e-07
20.522716 -3.3785131e-07
20.534929 -3.3662655e-07
20.547142 -3.3540699e-07
20.559355 -3.341926e-07
20.571568 -3.3298336e-07
20.583781 -3.3177924e-07
20.595994 -3.3058022e-07
20.608207 -3.2938627e-07
20.62042 -3.2819736e-07
20.632633 -3.2701348e-07
20.644846 -3.2583459e-07
20.657059 -3.2466068e-07
20.669272 -3.2349172e-07
20.681485 -3.2232769e-07
20.693698 -3.2116856e-07
20.705911 -3.2001431e-07
20.718124 -3.1886491e-07
20.730337 -3.1772034e-07
20.74255 -3.1658058e-07
20.754763 -3.1544561e-07
20.766976 -3.143154e-07
20.779189 -3.1318993e-07
20.791402 -3.1206917e-07
20.803615 -3.1095311e-07
20.815828 -3.0984172e-07
20.828041 -3.0873498e-07
20.840254 -3.0763286e-07
20.852467 -3.0653535e-07
20.86468 -3.0544243e-07
20.876893 -3.0435406e-07
20.889106 -3.0327023e-07
20.901319 -3.0219091e-07
20.913532 -3.011161e-07
20.925745 -3.0004575e-07
20.937958 -2.9897986e-07
20.950171 -2.979184e-07
20.962384 -2.9686135e-07
20.974597 -2.9580869e-07
20.98681 -2.947604e-07
20.999023 -2.9371645e-07
21.011236 -2.9267683e-07
21.023449 -2.9164152e-07
21.035662 -2.9061049e-07
21.047875 -2.8958373e-07
21.060088 -2.8856121e-07
21.072301 -2.8754292e-07
21.084514 -2.8652883e-07
21.096727 -2.8551893e-07
21.10894 -2.8451319e-07
21.121153 -2.835116e-07
21.133366 -2.8251413e-07
21.145579 -2.8152077e-07
21.157792 -2.805315e-07
21.170005 -2.7954629e-07
21.182218 -2.7856514e-07
21.194431 -2.7758801e-07
21.206644 -2.7661489e-07
21.218857 -2.7564577e-07
21.23107 -2.7468062e-07
21.243283 -2.7371942e-07
21.255496 -2.7276216e-07
21.267709 -2.7180881e-07
21.279922 -2.7085937e-07
21.292135 -2.699138e-07
21.304348 -2.689721e-07
21.316561 -2.6803424e-07
21.328774 -2.6710021e-07
21.340987 -2.6616998e-07
21.3532 -2.6524355e-07
21.365413 -2.6432089e-07
21.377626 -2.6340198e-07
21.389839 -2.6248681e-07
21.402052 -2.6157536e-07
21.414265 -2.6066762e-07
21.426478 -2.5976356e-07
21.438691 -2.5886317e-07
21.450904 -2.5796643e-07
21.463117 -2.5707332e-07
21.47533 -2.5618383e-07
21.487543 -2.5529795e-07
21.499756 -2.5441564e-07
21.511969 -2.5353691e-07
21.524182 -2.5266173e-07
21.536395 -2.5179008e-07
21.548608 -2.5092194e-07
21.560821 -2.5005731e-07
21.573034 -2.4919617e-07
21.585247 -2.4833849e-07
21.59746 -2.4748427e-07
21.609673 -2.4663349e-07
21.621886 -2.4578613e-07
21.634099 -2.4494217e-07
21.646312 -2.441016e-07
21.658525 -2.4326441e-07
21.670738 -2.4243058e-07
21.682951 -2.4160009e-07
21.695164 -2.4077293e-07
21.707377 -2.3994908e-07
21.71959 -2.3912853e-07
21.731803 -2.3831126e-07
21.744016 -2.3749727e-07
21.756229 -2.3668652e-07
21.768442 -2.3587901e-07
21.780655 -2.3507472e-07
21.792868 -2.3427364e-07
21.805081 -2.3347576e-07
21.817294 -2.3268105e-07
21.829507 -2.3188951e-07
21.84172 -2.3110112e-07
21.853933 -2.3031586e-07
21.866146 -2.2953373e-07
21.878359 -2.287547e-07
21.890572 -2.2797876e-07
21.902785 -2.2720591e-07
21.914998 -2.2643612e-07
21.927211 -2.2566937e-07
21.939424 -2.2490567e-07
21.951637 -2.2414499e-07
21.96385 -2.2338732e-07
21.976063 -2.2263264e-07
21.988276 -2.2188095e-07
22.000489 -2.2113223e-07
22.012702 -2.2038646e-07
22.024915 -2.1964363e-07
22.037128 -2.1890373e-07
22.04934 -2.1816675e-07
22.061553 -2.1743267e-07
22.073766 -2.1670148e-07
22.085979 -2.1597316e-07
22.098192 -2.1524771e-07
22.110405 -2.1452511e-07
22.122618 -2.1380534e-07
22.134831 -2.130884e-07
22.147044 -2.1237427e-07
22.159257 -2.1166295e-07
22.17147 -2.109544e-07
22.183683 -2.1024864e-07
22.195896 -2.0954563e-07
22.208109 -2.0884537e-07
22.220322 -2.0814785e-07
22.232535 -2.0745306e-07
22.244748 -2.0676098e-07
22.256961 -2.060716e-07
22.269174 -2.053849e-07
22.281387 -2.0470089e-07
22.2936 -2.0401953e-07
22.305813 -2.0334083e-07
22.318026 -2.0266477e-07
22.330239 -2.0199134e-07
22.342452 -2.0132053e-07
22.354665 -2.0065232e-07
22.366878 -1.9998671e-07
22.379091 -1.9932368e-07
22.391304 -1.9866322e-07
22.403517 -1.9800531e-07
22.41573 -1.9734996e-07
22.427943 -1.9669715e-07
22.440156 -1.9604686e-07
22.452369 -1.9539908e-07
22.464582 -1.9475381e-07
22.476795 -1.9411103e-07
22.489008 -1.9347073e-07
22.501221 -1.928329e-07
22.513434 -1.9219753e-07
22.525647 -1.915646e-07
22.53786 -1.9093412e-07
22.550073 -1.9030606e-07
22.562286 -1.8968042e-07
22.574499 -1.8905718e-07
22.586712 -1.8843634e-07
22.598925 -1.8781789e-07
22.611138 -1.872018e-07
22.623351 -1.8658808e-07
22.635564 -1.8597671e-07
22.647777 -1.8536769e-07
22.65999 -1.84761e-07
22.672203 -1.8415663e-07
22.684416 -1.8355457e-07
22.696629 -1.8295481e-07
22.708842 -1.8235735e-07
22.721055 -1.8176217e-07
22.733268 -1.8116925e-07
22.745481 -1.8057861e-07
22.757694 -1.7999021e-07
22.769907 -1.7940405e-07
22.78212 -1.7882013e-07
22.794333 -1.7823843e-07
22.806546 -1.7765894e-07
22.818759 -1.7708165e-07
22.830972 -1.7650656e-07
22.843185 -1.7593366e-07
22.855398 -1.7536292e-07
22.867611 -1.7479435e-07
22.879824 -1.7422794e-07
22.892037 -1.7366368e-07
22.90425 -1.7310155e-07
22.916463 -1.7254155e-07
22.928676 -1.7198366e-07
22.940889 -1.7142789e-07
22.953102 -1.7087422e-07
22.965315 -1.7032263e-07
22.977528 -1.6977313e-07
22.989741 -1.6922571e-07
23.001954 -1.6868034e-07
23.014167 -1.6813703e-07
23.02638 -1.6759577e-07
23.038593 -1.6705655e-07
23.050806 -1.6651935e-07
23.063019 -1.6598417e-07
23.075232 -1.6545101e-07
23.087445 -1.6491985e-07
23.099658 -1.6439068e-07
23.111871 -1.6386349e-07
23.124084 -1.6333829e-07
23.136297 -1.6281505e-07
23.14851 -1.6229377e-07
23.160723 -1.6177444e-07
23.172936 -1.6125706e-07
23.185149 -1.6074161e-07
23.197362 -1.6022809e-07
23.209575 -1.5971648e-07
23.221788 -1.5920679e-07
23.234001 -1.58699e-07
23.246214 -1.581931e-07
23.258427 -1.5768908e-07
23.27064 -1.5718695e-07
23.282853 -1.5668668e-07
23.295066 -1.5618828e-07
23.307279 -1.5569172e-07
23.319492 -1.5519702e-07
23.331705 -1.5470415e-07
23.343918 -1.5421311e-07
23.356131 -1.537239e-07
23.368344 -1.532365e-07
23.380557 -1.527509e-07
23.39277 -1.5226711e-07
23.404983 -1.5178511e-07
23.417196 -1.5130489e-07
23.429409 -1.5082644e-07
23.441622 -1.5034977e-07
23.453835 -1.4987485e-07
23.466048 -1.494017e-07
23.478261 -1.4893028e-07
23.490474 -1.4846061e-07
23.502687 -1.4799267e-07
23.5149 -1.4752645e-07
23.527113 -1.4706195e-07
23.539326 -1.4659916e-07
23.551539 -1.4613807e-07
23.563752 -1.4567868e-07
23.575965 -1.4522097e-07
23.588178 -1.4476495e-07
23.600391 -1.443106e-07
23.612604 -1.4385792e-07
23.624817 -1.434069e-07
23.63703 -1.4295753e-07
23.649243 -1.4250981e-07
23.661456 -1.4206372e-07
23.673669 -1.4161927e-07
23.685882 -1.4117645e-07
23.698095 -1.4073524e-07
23.710308 -1.4029565e-07
23.722521 -1.3985766e-07
23.734734 -1.3942127e-07
23.746947 -1.3898647e-07
23.75916 -1.3855326e-07
23.771373 -1.3812162e-07
23.783586 -1.3769156e-07
23.795799 -1.3726306e-07
23.808012 -1.3683612e-07
23.820225 -1.3641073e-07
23.832438 -1.3598689e-07
23.844651 -1.3556459e-07
23.856864 -1.3514383e-07
23.869077 -1.3472458e-07
23.88129 -1.3430686e-07
23.893503 -1.3389066e-07
23.905716 -1.3347596e-07
23.917929 -1.3306276e-07
23.930142 -1.3265106e-07
23.942355 -1.3224084e-07
23.954568 -1.3183211e-07
23.966781 -1.3142486e-07
23.978994 -1.3101908e-07
23.991207 -1.3061476e-07
24.00342 -1.302119e-07
24.015633 -1.2981049e-07
24.027846 -1.2941053e-07
24.040059 -1.2901201e-07
24.052272 -1.2861493e-07
24.064485 -1.2821927e-07
24.076698 -1.2782504e-07
24.088911 -1.2743222e-07
24.101124 -1.2704081e-07
24.113337 -1.2665081e-07
24.12555 -1.2626221e-07
24.137763 -1.25875e-07
24.149976 -1.2548918e-07
24.162189 -1.2510475e-07
24.174402 -1.2472169e-07
24.186615 -1.2434e-07
24.198828 -1.2395967e-07
24.211041 -1.2358071e-07
24.223254 -1.232031e-07
24.235467 -1.2282684e-07
24.24768 -1.2245192e-07
24.259893 -1.2207834e-07
24.272106 -1.2170609e-07
24.284319 -1.2133517e-07
24.296532 -1.2096557e-07
24.308745 -1.2059728e-07
24.320957 -1.2023031e-07
24.33317 -1.1986464e-07
24.345383 -1.1950027e-07
24.357596 -1.191372e-07
24.369809 -1.1877541e-07
24.382022 -1.1841491e-07
24.394235 -1.1805569e-07
24.406448 -1.1769774e-07
24.418661 -1.1734107e-07
24.430874 -1.1698565e-07
24.443087 -1.1663149e-07
24.4553 -1.1627859e-07
24.467513 -1.1592693e-07
24.479726 -1.1557652e-07
24.491939 -1.1522734e-07
24.504152 -1.148794e-07
24.516365 -1.1453269e-07
24.528578 -1.141872e-07
24.540791 -1.1384292e-07
24.553004 -1.1349986e-07
24.565217 -1.1315801e-07
24.57743 -1.1281736e-07
24.589643 -1.1247791e-07
24.601856 -1.1213966e-07
24.614069 -1.1180259e-07
24.626282 -1.1146671e-07
24.638495 -1.11132e-07
24.650708 -1.1079848e-07
24.662921 -1.1046612e-07
24.675134 -1.1013492e-07
24.687347 -1.0980489e-07
24.69956 -1.0947601e-07
24.711773 -1.0914829e-07
24.723986 -1.0882171e-07
24.736199 -1.0849627e-07
24.748412 -1.0817197e-07
24.760625 -1.078488e-07
24.772838 -1.0752677e-07
24.785051 -1.0720585e-07
24.797264 -1.0688606e-07
24.809477 -1.0656738e-07
24.82169 -1.0624981e-07
24.833903 -1.0593334e-07
24.846116 -1.0561798e-07
24.858329 -1.0530371e-07
24.870542 -1.0499054e-07
24.882755 -1.0467846e-07
24.894968 -1.0436746e-07
24.907181 -1.0405754e-07
24.919394 -1.037487e-07
24.931607 -1.0344092e-07
24.94382 -1.0313422e-07
24.956033 -1.0282857e-07
24.968246 -1.0252399e-07
24.980459 -1.0222046e-07
24.992672 -1.0191798e-07
25.004885 -1.0161655e-07
25.017098 -1.0131615e-07
25.029311 -1.010168e-07
25.041524 -1.0071848e-07
25.053737 -1.0042119e-07
25.06595 -1.0012492e-07
25.078163 -9.9829679e-08
25.090376 -9.9535453e-08
25.102589 -9.924224e-08
25.114802 -9.8950036e-08
25.127015 -9.8658838e-08
25.139228 -9.8368641e-08
25.151441 -9.8079442e-08
25.163654 -9.7791236e-08
25.175867 -9.7504021e-08
25.18808 -9.721779e-08
25.200293 -9.6932542e-08
25.212506 -9.6648272e-08
25.224719 -9.6364976e-08
25.236932 -9.6082651e-08
25.249145 -9.5801292e-08
25.261358 -9.5520896e-08
25.273571 -9.5241459e-08
25.285784 -9.4962977e-08
25.297997 -9.4685447e-08
25.31021 -9.4408865e-08
25.322423 -9.4133227e-08
25.334636 -9.3858529e-08
25.346849 -9.3584768e-08
25.359062 -9.331194e-08
25.371275 -9.3040042e-08
25.383488 -9.2769069e-08
25.395701 -9.2499019e-08
25.407914 -9.2229887e-08
25.420127 -9.196167e-08
25.43234 -9.1694365e-08
25.444553 -9.1427968e-08
25.456766 -9.1162475e-08
25.468979 -9.0897883e-08
25.481192 -9.0634188e-08
25.493405 -9.0371387e-08
25.505618 -9.0109477e-08
25.517831 -8.9848454e-08
25.530044 -8.9588314e-08
25.542257 -8.9329055e-08
25.55447 -8.9070672e-08
25.566683 -8.8813162e-08
25.578896 -8.8556523e-08
25.591109 -8.830075e-08
25.603322 -8.804584e-08
25.615535 -8.779179e-08
25.627748 -8.7538597e-08
25.639961 -8.7286257e-08
25.652174 -8.7034766e-08
25.664387 -8.6784123e-08
25.6766 -8.6534323e-08
25.688813 -8.6285363e-08
25.701026 -8.603724e-08
25.713239 -8.5789951e-08
25.725452 -8.5543493e-08
25.737665 -8.5297861e-08
25.749878 -8.5053054e-08
25.762091 -8.4809068e-08
25.774304 -8.45659e-08
25.786517 -8.4323546e-08
25.79873 -8.4082004e-08
25.810943 -8.384127e-08
25.823156 -8.3601342e-08
25.835369 -8.3362216e-08
25.847582 -8.3123889e-08
25.859795 -8.2886358e-08
25.872008 -8.2649621e-08
25.884221 -8.2413673e-08
25.896434 -8.2178513e-08
25.908647 -8.1944136e-08
25.92086 -8.1710541e-08
25.933073 -8.1477723e-08
25.945286 -8.1245681e-08
25.957499 -8.1014411e-08
25.969712 -8.078391e-08
25.981925 -8.0554176e-08
25.994138 -8.0325204e-08
26.006351 -8.0096994e-08
26.018564 -7.986954e-08
26.030777 -7.9642842e-08
26.04299 -7.9416895e-08
26.055203 -7.9191697e-08
26.067416 -7.8967246e-08
26.079629 -7.8743537e-08
26.091842 -7.8520569e-08
26.104055 -7.8298339e-08
26.116268 -7.8076844e-08
26.128481 -7.7856081e-08
26.140694 -7.7636047e-08
26.152907 -7.7416739e-08
26.16512 -7.7198156e-08
26.177333 -7.6980293e-08
26.189546 -7.6763149e-08
26.201759 -7.6546721e-08
26.213972 -7.6331005e-08
26.226185 -7.6116e-08
26.238398 -7.5901702e-08
26.250611 -7.568811e-08
26.262824 -7.5475219e-08
26.275037 -7.5263028e-08
26.28725 -7.5051535e-08
26.299463 -7.4840735e-08
26.311676 -7.4630627e-08
26.323889 -7.4421209e-08
26.336102 -7.4212477e-08
26.348315 -7.4004429e-08
26.360528 -7.3797062e-08
26.372741 -7.3590374e-08
26.384954 -7.3384363e-08
26.397167 -7.3179026e-08
26.40938 -7.2974359e-08
26.421593 -7.2770362e-08
26.433806 -7.256703e-08
26.446019 -7.2364363e-08
26.458232 -7.2162357e-08
26.470445 -7.1961009e-08
26.482658 -7.1760318e-08
26.494871 -7.1560281e-08
26.507084 -7.1360895e-08
26.519297 -7.1162159e-08
26.53151 -7.0964069e-08
26.543723 -7.0766623e-08
26.555936 -7.0569819e-08
26.568149 -7.0373655e-08
26.580362 -7.0178127e-08
26.592574 -6.9983234e-08
26.604787 -6.9788974e-08
26.617 -6.9595343e-08
26.629213 -6.940234e-08
26.641426 -6.9209963e-08
26.653639 -6.9018208e-08
26.665852 -6.8827075e-08
26.678065 -6.8636559e-08
26.690278 -6.844666e-08
26.702491 -6.8257374e-08
26.714704 -6.80687e-08
26.726917 -6.7880635e-08
26.73913 -6.7693178e-08
26.751343 -6.7506325e-08
26.763556 -6.7320074e-08
26.775769 -6.7134424e-08
26.787982 -6.6949372e-08
26.800195 -6.6764916e-08
26.812408 -6.6581054e-08
26.824621 -6.6397783e-08
26.836834 -6.6215102e-08
26.849047 -6.6033007e-08
26.86126 -6.5851498e-08
26.873473 -6.5670572e-08
26.885686 -6.5490226e-08
26.897899 -6.5310459e-08
26.910112 -6.5131268e-08
26.922325 -6.4952652e-08
26.934538 -6.4774608e-08
26.946751 -6.4597134e-08
26.958964 -6.4420228e-08
26.971177 -6.4243888e-08
26.98339 -6.4068112e-08
26.995603 -6.3892898e-08
27.007816 -6.3718244e-08
27.020029 -6.3544147e-08
27.032242 -6.3370606e-08
27.044455 -6.3197619e-08
27.056668 -6.3025183e-08
27.068881 -6.2853297e-08
27.081094 -6.2681959e-08
27.093307 -6.2511166e-08
27.10552 -6.2340917e-08
27.117733 -6.2171209e-08
27.129946 -6.2002042e-08
27.142159 -6.1833412e-08
27.154372 -6.1665317e-08
27.166585 -6.1497757e-08
27.178798 -6.1330728e-08
27.191011 -6.116423e-08
27.203224 -6.0998259e-08
27.215437 -6.0832814e-08
27.22765 -6.0667894e-08
27.239863 -6.0503496e-08
27.252076 -6.0339618e-08
27.264289 -6.0176259e-08
27.276502 -6.0013417e-08
27.288715 -5.9851089e-08
27.300928 -5.9689274e-08
27.313141 -5.9527971e-08
27.325354 -5.9367176e-08
27.337567 -5.9206889e-08
27.34978 -5.9047107e-08
27.361993 -5.8887829e-08
27.374206 -5.8729053e-08
27.386419 -5.8570777e-08
27.398632 -5.8412999e-08
27.410845 -5.8255718e-08
27.423058 -5.8098932e-08
27.435271 -5.7942638e-08
27.447484 -5.7786835e-08
27.459697 -5.7631522e-08
27.47191 -5.7476697e-08
27.484123 -5.7322357e-08
27.496336 -5.7168502e-08
27.508549 -5.7015129e-08
27.520762 -5.6862236e-08
27.532975 -5.6709822e-08
27.545188 -5.6557886e-08
27.557401 -5.6406425e-08
27.569614 -5.6255438e-08
27.581827 -5.6104923e-08
27.59404 -5.5954879e-08
27.606253 -5.5805303e-08
27.618466 -5.5656194e-08
27.630679 -5.550755e-08
27.642892 -5.5359371e-08
27.655105 -5.5211653e-08
27.667318 -5.5064396e-08
27.679531 -5.4917597e-08
27.691744 -5.4771256e-08
27.703957 -5.462537e-08
27.71617 -5.4479938e-08
27.728383 -5.4334959e-08
27.740596 -5.419043e-08
27.752809 -5.404635e-08
27.765022 -5.3902717e-08
27.777235 -5.3759531e-08
27.789448 -5.3616788e-08
27.801661 -5.3474489e-08
27.813874 -5.333263e-08
27.826087 -5.3191211e-08
27.8383 -5.305023e-08
27.850513 -5.2909686e-08
27.862726 -5.2769576e-08
27.874939 -5.26299e-08
27.887152 -5.2490656e-08
27.899365 -5.2351842e-08
27.911578 -5.2213457e-08
27.923791 -5.2075499e-08
27.936004 -5.1937967e-08
27.948217 -5.1800859e-08
27.96043 -5.1664174e-08
27.972643 -5.152791e-08
27.984856 -5.1392066e-08
27.997069 -5.125664e-08
28.009282 -5.1121631e-08
28.021495 -5.0987037e-08
28.033708 -5.0852857e-08
28.045921 -5.071909e-08
28.058134 -5.0585734e-08
28.070347 -5.0452787e-08
28.08256 -5.0320249e-08
28.094773 -5.0188117e-08
28.106986 -5.005639e-08
28.119199 -4.9925067e-08
28.131412 -4.9794147e-08
28.143625 -4.9663627e-08
28.155838 -4.9533507e-08
28.168051 -4.9403786e-08
28.180264 -4.9274461e-08
28.192477 -4.9145531e-08
28.20469 -4.9016996e-08
28.216903 -4.8888853e-08
28.229116 -4.8761101e-08
28.241329 -4.863374e-08
28.253542 -4.8506767e-08
28.265755 -4.8380181e-08
28.277968 -4.8253981e-08
28.290181 -4.8128165e-08
28.302394 -4.8002733e-08
28.314607 -4.7877682e-08
28.32682 -4.7753012e-08
28.339033 -4.7628721e-08
28.351246 -4.7504808e-08
28.363459 -4.7381272e-08
28.375672 -4.725811e-08
28.387885 -4.7135323e-08
28.400098 -4.7012908e-08
28.412311 -4.6890864e-08
28.424524 -4.6769191e-08
28.436737 -4.6647886e-08
28.44895 -4.6526949e-08
28.461163 -4.6406378e-08
28.473376 -4.6286172e-08
28.485589 -4.6166329e-08
28.497802 -4.6046849e-08
28.510015 -4.592773e-08
28.522228 -4.5808971e-08
28.534441 -4.5690571e-08
28.546654 -4.5572528e-08
28.558867 -4.5454841e-08
28.57108 -4.533751e-08
28.583293 -4.5220531e-08
28.595506 -4.5103906e-08
28.607719 -4.4987632e-08
28.619932 -4.4871707e-08
28.632145 -4.4756132e-08
28.644358 -4.4640904e-08
28.656571 -4.4526023e-08
28.668784 -4.4411487e-08
28.680997 -4.4297296e-08
28.69321 -4.4183447e-08
28.705423 -4.406994e-08
28.717636 -4.3956773e-08
28.729849 -4.3843946e-08
28.742062 -4.3731457e-08
28.754275 -4.3619305e-08
28.766488 -4.3507489e-08
28.778701 -4.3396008e-08
28.790914 -4.328486e-08
28.803127 -4.3174045e-08
28.81534 -4.3063562e-08
28.827553 -4.2953408e-08
28.839766 -4.2843583e-08
28.851979 -4.2734087e-08
28.864191 -4.2624917e-08
28.876404 -4.2516073e-08
28.888617 -4.2407554e-08
28.90083 -4.2299358e-08
28.913043 -4.2191484e-08
28.925256 -4.2083932e-08
28.937469 -4.19767e-08
28.949682 -4.1869787e-08
28.961895 -4.1763192e-08
28.974108 -4.1656914e-08
28.986321 -4.1550952e-08
28.998534 -4.1445305e-08
29.010747 -4.1339971e-08
29.02296 -4.123495e-08
29.035173 -4.1130241e-08
29.047386 -4.1025842e-08
29.059599 -4.0921752e-08
29.071812 -4.0817971e-08
29.084025 -4.0714498e-08
29.096238 -4.061133e-08
29.108451 -4.0508468e-08
29.120664 -4.0405911e-08
29.132877 -4.0303656e-08
29.14509 -4.0201704e-08
29.157303 -4.0100053e-08
29.169516 -3.9998702e-08
29.181729 -3.989765e-08
29.193942 -3.9796896e-08
29.206155 -3.969644e-08
29.218368 -3.959628e-08
29.230581 -3.9496414e-08
29.242794 -3.9396843e-08
29.255007 -3.9297565e-08
29.26722 -3.919858e-08
29.279433 -3.9099885e-08
29.291646 -3.9001481e-08
29.303859 -3.8903365e-08
29.316072 -3.8805539e-08
29.328285 -3.8707999e-08
29.340498 -3.8610746e-08
29.352711 -3.8513778e-08
29.364924 -3.8417094e-08
29.377137 -3.8320694e-08
29.38935 -3.8224576e-08
29.401563 -3.812874e-08
29.413776 -3.8033185e-08
29.425989 -3.7937909e-08
29.438202 -3.7842912e-08
29.450415 -3.7748193e-08
29.462628 -3.765375e-08
29.474841 -3.7559584e-08
29.487054 -3.7465692e-08
29.499267 -3.7372075e-08
29.51148 -3.727873e-08
29.523693 -3.7185659e-08
29.535906 -3.7092858e-08
29.548119 -3.7000328e-08
29.560332 -3.6908067e-08
29.572545 -3.6816075e-08
29.584758 -3.6724351e-08
29.596971 -3.6632894e-08
29.609184 -3.6541702e-08
29.621397 -3.6450776e-08
29.63361 -3.6360114e-08
29.645823 -3.6269715e-08
29.658036 -3.6179579e-08
29.670249 -3.6089705e-08
29.682462 -3.6000091e-08
29.694675 -3.5910737e-08
29.706888 -3.5821641e-08
29.719101 -3.5732805e-08
29.731314 -3.5644225e-08
29.743527 -3.5555902e-08
29.75574 -3.5467834e-08
29.767953 -3.5380021e-08
29.780166 -3.5292462e-08
29.792379 -3.5205156e-08
29.804592 -3.5118102e-08
29.816805 -3.50313e-08
29.829018 -3.4944748e-08
29.841231 -3.4858446e-08
29.853444 -3.4772392e-08
29.865657 -3.4686587e-08
29.87787 -3.4601029e-08
29.890083 -3.4515718e-08
29.902296 -3.4430652e-08
29.914509 -3.4345831e-08
29.926722 -3.4261253e-08
29.938935 -3.417692e-08
29.951148 -3.4092828e-08
29.963361 -3.4008978e-08
29.975574 -3.3925369e-08
29.987787 -3.3842e-08
30 -3.3758871e-08

