4 0.016532758
4.0468979 0.015282062
4.0937958 0.014140868
4.1406937 0.013108569
4.1875916 0.012171543
4.2344895 0.011326018
4.2813874 0.010547947
4.3282853 0.0098485332
4.3751832 0.0092034391
4.4220811 0.0086133616
4.468979 0.0080723135
4.5158769 0.0075871612
4.5627748 0.0071364726
4.6096727 0.0067146028
4.6565706 0.0063245954
4.7034685 0.0059694284
4.7503664 0.0056386693
4.7972643 0.0053259317
4.8441622 0.0050352906
4.8910601 0.0047708212
4.937958 0.0045274075
4.9848559 0.0042906401
5.0317538 0.004063856
5.0786517 0.0038509003
5.1255496 0.0036533605
5.1724475 0.0034642327
5.2193454 0.003286239
5.2662433 0.0031162607
5.3131412 0.0029548352
5.3600391 0.0028008477
5.406937 0.0026536768
5.4538349 0.0025135621
5.5007328 0.0023807433
5.5476307 0.00225437
5.5945286 0.0021332599
5.6414265 0.0020170653
5.6883244 0.0019054387
5.7352223 0.0017980325
5.7821202 0.0016944993
5.8290181 0.0015947618
5.875916 0.0014998327
5.9228139 0.0014101831
5.9697118 0.0013261994
6.0166097 0.0012480015
6.0635076 0.0011728055
6.1104055 0.0010998789
6.1573034 0.0010293571
6.2042013 0.00096137547
6.2510992 0.00089606947
6.2979971 0.00083357449
6.344895 0.00077402592
6.3917929 0.00071755915
6.4386908 0.00066430961
6.4855887 0.00061441268
6.5324866 0.00056756681
6.5793845 0.00052258778
6.6262824 0.00047948102
6.6731803 0.00043833726
6.7200782 0.0003992472
6.7669761 0.00036230157
6.813874 0.00032759109
6.8607719 0.00029520647
6.9076698 0.00026523843
6.9545677 0.00023777769
7.0014656 0.00021291381
7.0483635 0.00018950137
7.0952614 0.00016658406
7.1421593 0.00014432083
7.1890572 0.0001228706
7.2359551 0.00010239232
7.282853 8.3044923e-05
7.3297509 6.498735e-05
7.3766488 4.8378538e-05
7.4235467 3.3377424e-05
7.4704446 2.0142947e-05
7.5173425 8.7027074e-06
7.5642404 -2.2107954e-06
7.6111383 -1.287479e-05
7.6580362 -2.3188929e-05
7.704934 -3.3052861e-05
7.7518319 -4.2366238e-05
7.7987298 -5.1028711e-05
7.8456277 -5.8939931e-05
7.8925256 -6.5999549e-05
7.9394235 -7.2107215e-05
7.9863214 -7.716258e-05
8.0332193 -8.1360504e-05
8.0801172 -8.545285e-05
8.1270151 -8.9431334e-05
8.173913 -9.3238221e-05
8.2208109 -9.6815779e-05
8.2677088 -0.00010010627
8.3146067 -0.00010305197
8.3615046 -0.00010559514
8.4084025 -0.00010767804
8.4553004 -0.00010924294
8.5021983 -0.00011023282
8.5490962 -0.00011094697
8.5959941 -0.0001116451
8.642892 -0.00011229781
8.6897899 -0.00011287568
8.7366878 -0.00011334931
8.7835857 -0.00011368929
8.8304836 -0.00011386621
8.8773815 -0.00011385067
8.9242794 -0.00011361325
8.9711773 -0.00011312454
9.0180752 -0.00011237848
9.0649731 -0.00011158304
9.111871 -0.00011078535
9.1587689 -0.00010997434
9.2056668 -0.00010913894
9.2525647 -0.00010826809
9.2994626 -0.00010735072
9.3463605 -0.00010637576
9.3932584 -0.00010533215
9.4401563 -0.00010420882
9.4870542 -0.0001029947
9.5339521 -0.00010170313
9.58085 -0.00010039525
9.6277479 -9.9077566e-05
9.6746458 -9.7753213e-05
9.7215437 -9.6425335e-05
9.7684416 -9.5097071e-05
9.8153395 -9.3771561e-05
9.8622374 -9.2451946e-05
9.9091353 -9.1141365e-05
9.9560332 -8.9842959e-05
10.002931 -8.8559833e-05
10.049829 -8.7284535e-05
10.096727 -8.6009956e-05
10.143625 -8.4736519e-05
10.190523 -8.3464647e-05
10.237421 -8.2194764e-05
10.284319 -8.0927291e-05
10.331216 -7.9662653e-05
10.378114 -7.8401271e-05
10.425012 -7.7143569e-05
10.47191 -7.588997e-05
10.518808 -7.4640896e-05
10.565706 -7.3396771e-05
10.612604 -7.2158018e-05
10.659502 -7.0925059e-05
10.7064 -6.9698317e-05
10.753298 -6.8478216e-05
10.800195 -6.7265178e-05
10.847093 -6.6059627e-05
10.893991 -6.4861984e-05
10.940889 -6.3672674e-05
10.987787 -6.2492118e-05
11.034685 -6.1327401e-05
11.081583 -6.0195016e-05
11.128481 -5.9094657e-05
11.175379 -5.8025174e-05
11.222277 -5.6985417e-05
11.269174 -5.5974237e-05
11.316072 -5.4990483e-05
11.36297 -5.4033005e-05
11.409868 -5.3100653e-05
11.456766 -5.2192278e-05
11.503664 -5.1306729e-05
11.550562 -5.0442856e-05
11.59746 -4.959951e-05
11.644358 -4.877554e-05
11.691255 -4.7969796e-05
11.738153 -4.7181128e-05
11.785051 -4.6408387e-05
11.831949 -4.5650423e-05
11.878847 -4.4906084e-05
11.925745 -4.4174223e-05
11.972643 -4.3453687e-05
12.019541 -4.2743181e-05
12.066439 -4.2040813e-05
12.113337 -4.1346603e-05
12.160234 -4.0660947e-05
12.207132 -3.998424e-05
12.25403 -3.9316879e-05
12.300928 -3.8659259e-05
12.347826 -3.8011777e-05
12.394724 -3.7374827e-05
12.441622 -3.6748806e-05
12.48852 -3.613411e-05
12.535418 -3.5531135e-05
12.582316 -3.4940275e-05
12.629213 -3.4361928e-05
12.676111 -3.3796489e-05
12.723009 -3.3244354e-05
12.769907 -3.2705919e-05
12.816805 -3.2181579e-05
12.863703 -3.167173e-05
12.910601 -3.1176769e-05
12.957499 -3.0697091e-05
13.004397 -3.0233039e-05
13.051295 -2.9777962e-05
13.098192 -2.9327189e-05
13.14509 -2.8880953e-05
13.191988 -2.8439486e-05
13.238886 -2.8003018e-05
13.285784 -2.7571783e-05
13.332682 -2.7146012e-05
13.37958 -2.6725936e-05
13.426478 -2.6311788e-05
13.473376 -2.5903799e-05
13.520274 -2.5502202e-05
13.567171 -2.5107227e-05
13.614069 -2.4719107e-05
13.660967 -2.4338074e-05
13.707865 -2.396436e-05
13.754763 -2.3598195e-05
13.801661 -2.3239813e-05
13.848559 -2.2889445e-05
13.895457 -2.2547323e-05
13.942355 -2.2213678e-05
13.989253 -2.1888743e-05
14.03615 -2.1570619e-05
14.083048 -2.1254786e-05
14.129946 -2.0941473e-05
14.176844 -2.0631099e-05
14.223742 -2.0324085e-05
14.27064 -2.0020849e-05
14.317538 -1.972181e-05
14.364436 -1.942739e-05
14.411334 -1.9138006e-05
14.458232 -1.8854078e-05
14.505129 -1.8576026e-05
14.552027 -1.8304269e-05
14.598925 -1.8039227e-05
14.645823 -1.7781319e-05
14.692721 -1.7530965e-05
14.739619 -1.7288584e-05
14.786517 -1.7054595e-05
14.833415 -1.6829418e-05
14.880313 -1.6613472e-05
14.927211 -1.6407178e-05
14.974108 -1.6210954e-05
15.021006 -1.6024254e-05
15.067904 -1.5840163e-05
15.114802 -1.565725e-05
15.1617 -1.5475533e-05
15.208598 -1.5295027e-05
15.255496 -1.511575e-05
15.302394 -1.4937717e-05
15.349292 -1.4760945e-05
15.39619 -1.458545e-05
15.443087 -1.4411249e-05
15.489985 -1.4238359e-05
15.536883 -1.4066795e-05
15.583781 -1.3896575e-05
15.630679 -1.3727714e-05
15.677577 -1.356023e-05
15.724475 -1.3394138e-05
15.771373 -1.3229455e-05
15.818271 -1.3066198e-05
15.865169 -1.2904382e-05
15.912066 -1.2744025e-05
15.958964 -1.2585143e-05
16.005862 -1.2427752e-05
16.05276 -1.2271868e-05
16.099658 -1.2117509e-05
16.146556 -1.1964691e-05
16.193454 -1.1813429e-05
16.240352 -1.1663741e-05
16.28725 -1.1515644e-05
16.334148 -1.1369152e-05
16.381045 -1.1224283e-05
16.427943 -1.1081054e-05
16.474841 -1.0939481e-05
16.521739 -1.0799579e-05
16.568637 -1.0661367e-05
16.615535 -1.0524859e-05
16.662433 -1.0390073e-05
16.709331 -1.0257026e-05
16.756229 -1.0125732e-05
16.803127 -9.9962097e-06
16.850024 -9.8684746e-06
16.896922 -9.7425433e-06
16.94382 -9.6184323e-06
16.990718 -9.496158e-06
17.037616 -9.3757369e-06
17.084514 -9.2571854e-06
17.131412 -9.1405199e-06
17.17831 -9.025757e-06
17.225208 -8.9129131e-06
17.272106 -8.8020046e-06
17.319003 -8.6930479e-06
17.365901 -8.5860596e-06
17.412799 -8.481056e-06
17.459697 -8.3780537e-06
17.506595 -8.277069e-06
17.553493 -8.1781184e-06
17.600391 -8.0812184e-06
17.647289 -7.9863855e-06
17.694187 -7.893636e-06
17.741085 -7.8029864e-06
17.787982 -7.7144531e-06
17.83488 -7.6280527e-06
17.881778 -7.5438016e-06
17.928676 -7.4617161e-06
17.975574 -7.3818128e-06
18.022472 -7.3038735e-06
18.06937 -7.2263917e-06
18.116268 -7.1491304e-06
18.163166 -7.0721309e-06
18.210064 -6.9954347e-06
18.256961 -6.9190833e-06
18.303859 -6.8431178e-06
18.350757 -6.7675798e-06
18.397655 -6.6925107e-06
18.444553 -6.6179518e-06
18.491451 -6.5439445e-06
18.538349 -6.4705302e-06
18.585247 -6.3977503e-06
18.632145 -6.3256463e-06
18.679043 -6.2542594e-06
18.72594 -6.183631e-06
18.772838 -6.1138027e-06
18.819736 -6.0448157e-06
18.866634 -5.9767114e-06
18.913532 -5.9095312e-06
18.96043 -5.8433166e-06
19.007328 -5.7781089e-06
19.054226 -5.7139495e-06
19.101124 -5.6508798e-06
19.148021 -5.5889412e-06
19.194919 -5.5281751e-06
19.241817 -5.4686228e-06
19.288715 -5.4103258e-06
19.335613 -5.3533254e-06
19.382511 -5.2976631e-06
19.429409 -5.2433801e-06
19.476307 -5.190518e-06
19.523205 -5.1391181e-06
19.570103 -5.0892218e-06
19.617 -5.0408705e-06
19.663898 -4.9941056e-06
19.710796 -4.9489684e-06
19.757694 -4.9055004e-06
19.804592 -4.8637429e-06
19.85149 -4.8237373e-06
19.898388 -4.7855251e-06
19.945286 -4.7491476e-06
19.992184 -4.7146462e-06
20.039082 -4.6813826e-06
20.085979 -4.6481267e-06
20.132877 -4.6148555e-06
20.179775 -4.5815731e-06
20.226673 -4.5482838e-06
20.273571 -4.5149916e-06
20.320469 -4.4817006e-06
20.367367 -4.448415e-06
20.414265 -4.4151389e-06
20.461163 -4.3818764e-06
20.508061 -4.3486317e-06
20.554958 -4.3154088e-06
20.601856 -4.282212e-06
20.648754 -4.2490453e-06
20.695652 -4.2159128e-06
20.74255 -4.1828186e-06
20.789448 -4.149767e-06
20.836346 -4.116762e-06
20.883244 -4.0838077e-06
20.930142 -4.0509083e-06
20.97704 -4.0180679e-06
21.023937 -3.9852907e-06
21.070835 -3.9525806e-06
21.117733 -3.919942e-06
21.164631 -3.8873788e-06
21.211529 -3.8548952e-06
21.258427 -3.8224954e-06
21.305325 -3.7901834e-06
21.352223 -3.7579635e-06
21.399121 -3.7258396e-06
21.446019 -3.693816e-06
21.492916 -3.6618968e-06
21.539814 -3.630086e-06
21.586712 -3.5983879e-06
21.63361 -3.5668065e-06
21.680508 -3.535346e-06
21.727406 -3.5040104e-06
21.774304 -3.472804e-06
21.821202 -3.4417308e-06
21.8681 -3.4107949e-06
21.914998 -3.3800006e-06
21.961895 -3.3493519e-06
22.008793 -3.3188529e-06
22.055691 -3.2885077e-06
22.102589 -3.2583206e-06
22.149487 -3.2282955e-06
22.196385 -3.1984367e-06
22.243283 -3.1687483e-06
22.290181 -3.1392343e-06
22.337079 -3.109899e-06
22.383977 -3.0807464e-06
22.430874 -3.0517806e-06
22.477772 -3.0230058e-06
22.52467 -2.9944261e-06
22.571568 -2.9660457e-06
22.618466 -2.9378686e-06
22.665364 -2.909899e-06
22.712262 -2.882141e-06
22.75916 -2.8545988e-06
22.806058 -2.8272764e-06
22.852956 -2.800178e-06
22.899853 -2.7733076e-06
22.946751 -2.7466695e-06
22.993649 -2.7202678e-06
23.040547 -2.6941066e-06
23.087445 -2.6681899e-06
23.134343 -2.642522e-06
23.181241 -2.6171069e-06
23.228139 -2.5919488e-06
23.275037 -2.5670518e-06
23.321935 -2.5424201e-06
23.368832 -2.5180577e-06
23.41573 -2.4939687e-06
23.462628 -2.4701574e-06
23.509526 -2.4466278e-06
23.556424 -2.423384e-06
23.603322 -2.4004302e-06
23.65022 -2.3777706e-06
23.697118 -2.3554091e-06
23.744016 -2.33335e-06
23.790914 -2.3115974e-06
23.837811 -2.2901553e-06
23.884709 -2.269028e-06
23.931607 -2.2482195e-06
23.978505 -2.2277341e-06
24.025403 -2.2075757e-06
24.072301 -2.1877485e-06
24.119199 -2.1682567e-06
24.166097 -2.1491043e-06
24.212995 -2.1302955e-06
24.259893 -2.1118345e-06
24.30679 -2.0937253e-06
24.353688 -2.0759721e-06
24.400586 -2.058579e-06
24.447484 -2.04155e-06
24.494382 -2.0248895e-06
24.54128 -2.0086014e-06
24.588178 -1.9926899e-06
24.635076 -1.9771591e-06
24.681974 -1.9620131e-06
24.728872 -1.9472562e-06
24.775769 -1.9328923e-06
24.822667 -1.9189256e-06
24.869565 -1.9053603e-06
24.916463 -1.8922004e-06
24.963361 -1.8794502e-06
25.010259 -1.8671033e-06
25.057157 -1.8548754e-06
25.104055 -1.8426375e-06
25.150953 -1.8303915e-06
25.197851 -1.8181394e-06
25.244748 -1.8058832e-06
25.291646 -1.7936248e-06
25.338544 -1.7813661e-06
25.385442 -1.7691091e-06
25.43234 -1.7568558e-06
25.479238 -1.744608e-06
25.526136 -1.7323678e-06
25.573034 -1.7201371e-06
25.619932 -1.7079179e-06
25.66683 -1.695712e-06
25.713727 -1.6835215e-06
25.760625 -1.6713482e-06
25.807523 -1.6591942e-06
25.854421 -1.6470614e-06
25.901319 -1.6349517e-06
25.948217 -1.622867e-06
25.995115 -1.6108094e-06
26.042013 -1.5987808e-06
26.088911 -1.5867831e-06
26.135809 -1.5748183e-06
26.182706 -1.5628883e-06
26.229604 -1.5509951e-06
26.276502 -1.5391406e-06
26.3234 -1.5273268e-06
26.370298 -1.5155556e-06
26.417196 -1.503829e-06
26.464094 -1.4921488e-06
26.510992 -1.4805172e-06
26.55789 -1.468936e-06
26.604787 -1.4574071e-06
26.651685 -1.4459325e-06
26.698583 -1.4345142e-06
26.745481 -1.4231541e-06
26.792379 -1.4118542e-06
26.839277 -1.4006163e-06
26.886175 -1.3894425e-06
26.933073 -1.3783348e-06
26.979971 -1.3672949e-06
27.026869 -1.356325e-06
27.073766 -1.3454269e-06
27.120664 -1.3346026e-06
27.167562 -1.3238541e-06
27.21446 -1.3131833e-06
27.261358 -1.3025921e-06
27.308256 -1.2920825e-06
27.355154 -1.2816564e-06
27.402052 -1.2713158e-06
27.44895 -1.2610627e-06
27.495848 -1.2508989e-06
27.542745 -1.2408265e-06
27.589643 -1.2308474e-06
27.636541 -1.2209635e-06
27.683439 -1.2111768e-06
27.730337 -1.2014892e-06
27.777235 -1.1919027e-06
27.824133 -1.1824192e-06
27.871031 -1.1730407e-06
27.917929 -1.1637692e-06
27.964827 -1.1546065e-06
28.011724 -1.1455546e-06
28.058622 -1.1366155e-06
28.10552 -1.1277911e-06
28.152418 -1.1190834e-06
28.199316 -1.1104943e-06
28.246214 -1.1020257e-06
28.293112 -1.0936797e-06
28.34001 -1.0854582e-06
28.386908 -1.077363e-06
28.433806 -1.0693962e-06
28.480703 -1.0615597e-06
28.527601 -1.0538555e-06
28.574499 -1.0462855e-06
28.621397 -1.0388517e-06
28.668295 -1.0315559e-06
28.715193 -1.0244002e-06
28.762091 -1.0173865e-06
28.808989 -1.0105168e-06
28.855887 -1.0037929e-06
28.902785 -9.9721692e-07
28.949682 -9.9079071e-07
28.99658 -9.8451625e-07
29.043478 -9.7839548e-07
29.090376 -9.7243036e-07
29.137274 -9.6662282e-07
29.184172 -9.6097483e-07
29.23107 -9.5548832e-07
29.277968 -9.5016525e-07
29.324866 -9.4500756e-07
29.371764 -9.4001721e-07
29.418661 -9.3519614e-07
29.465559 -9.3054631e-07
29.512457 -9.2606965e-07
29.559355 -9.2176812e-07
29.606253 -9.1764367e-07
29.653151 -9.1369825e-07
29.700049 -9.099338e-07
29.746947 -9.0635227e-07
29.793845 -9.0295562e-07
29.840743 -8.9974578e-07
29.88764 -8.9672472e-07
29.934538 -8.9389437e-07
29.981436 -8.912567e-07
30.028334 -8.8877784e-07
30.075232 -8.8631398e-07
30.12213 -8.8384984e-07
30.169028 -8.8138542e-07
30.215926 -8.7892076e-07
30.262824 -8.7645588e-07
30.309722 -8.739908e-07
30.356619 -8.7152556e-07
30.403517 -8.6906016e-07
30.450415 -8.6659465e-07
30.497313 -8.6412903e-07
30.544211 -8.6166334e-07
30.591109 -8.5919759e-07
30.638007 -8.5673182e-07
30.684905 -8.5426605e-07
30.731803 -8.5180029e-07
30.778701 -8.4933458e-07
30.825598 -8.4686894e-07
30.872496 -8.4440339e-07
30.919394 -8.4193796e-07
30.966292 -8.3947267e-07
31.01319 -8.3700755e-07
31.060088 -8.3454261e-07
31.106986 -8.3207789e-07
31.153884 -8.296134e-07
31.200782 -8.2714918e-07
31.24768 -8.2468524e-07
31.294577 -8.2222161e-07
31.341475 -8.1975831e-07
31.388373 -8.1729537e-07
31.435271 -8.1483281e-07
31.482169 -8.1237065e-07
31.529067 -8.0990893e-07
31.575965 -8.0744766e-07
31.622863 -8.0498686e-07
31.669761 -8.0252657e-07
31.716659 -8.0006681e-07
31.763556 -7.9760759e-07
31.810454 -7.9514894e-07
31.857352 -7.926909e-07
31.90425 -7.9023347e-07
31.951148 -7.8777669e-07
31.998046 -7.8532058e-07
32.044944 -7.8286517e-07
32.091842 -7.8041047e-07
32.13874 -7.7795651e-07
32.185638 -7.7550332e-07
32.232535 -7.7305092e-07
32.279433 -7.7059933e-07
32.326331 -7.6814859e-07
32.373229 -7.656987e-07
32.420127 -7.632497e-07
32.467025 -7.6080161e-07
32.513923 -7.5835445e-07
32.560821 -7.5590825e-07
32.607719 -7.5346303e-07
32.654617 -7.5101882e-07
32.701514 -7.4857564e-07
32.748412 -7.4613352e-07
32.79531 -7.4369247e-07
32.842208 -7.4125252e-07
32.889106 -7.388137e-07
32.936004 -7.3637603e-07
32.982902 -7.3393954e-07
33.0298 -7.3150424e-07
33.076698 -7.2907017e-07
33.123596 -7.2663734e-07
33.170493 -7.2420579e-07
33.217391 -7.2177552e-07
33.264289 -7.1934658e-07
33.311187 -7.1691898e-07
33.358085 -7.1449274e-07
33.404983 -7.120679e-07
33.451881 -7.0964447e-07
33.498779 -7.0722248e-07
33.545677 -7.0480196e-07
33.592574 -7.0238292e-07
33.639472 -6.9996539e-07
33.68637 -6.9754939e-07
33.733268 -6.9513496e-07
33.780166 -6.927221e-07
33.827064 -6.9031086e-07
33.873962 -6.8790125e-07
33.92086 -6.8549329e-07
33.967758 -6.8308701e-07
34.014656 -6.8068243e-07
34.061553 -6.7827958e-07
34.108451 -6.7587848e-07
34.155349 -6.7347916e-07
34.202247 -6.7108163e-07
34.249145 -6.6868593e-07
34.296043 -6.6629208e-07
34.342941 -6.639001e-07
34.389839 -6.6151001e-07
34.436737 -6.5912185e-07
34.483635 -6.5673562e-07
34.530532 -6.5435137e-07
34.57743 -6.519691e-07
34.624328 -6.4958886e-07
34.671226 -6.4721065e-07
34.718124 -6.448345e-07
34.765022 -6.4246045e-07
34.81192 -6.400885e-07
34.858818 -6.3771869e-07
34.905716 -6.3535104e-07
34.952614 -6.3298558e-07
34.999511 -6.3062232e-07
35.046409 -6.2826129e-07
35.093307 -6.2590252e-07
35.140205 -6.2354603e-07
35.187103 -6.2119185e-07
35.234001 -6.1883999e-07
35.280899 -6.1649048e-07
35.327797 -6.1414335e-07
35.374695 -6.1179862e-07
35.421593 -6.0945632e-07
35.46849 -6.0711646e-07
35.515388 -6.0477908e-07
35.562286 -6.0244419e-07
35.609184 -6.0011182e-07
35.656082 -5.97782e-07
35.70298 -5.9545474e-07
35.749878 -5.9313008e-07
35.796776 -5.9080803e-07
35.843674 -5.8848863e-07
35.890572 -5.8617189e-07
35.937469 -5.8385784e-07
35.984367 -5.815465e-07
36.031265 -5.7923789e-07
36.078163 -5.7693205e-07
36.125061 -5.74629e-07
36.171959 -5.7232875e-07
36.218857 -5.7003133e-07
36.265755 -5.6773677e-07
36.312653 -5.6544509e-07
36.359551 -5.6315632e-07
36.406448 -5.6087048e-07
36.453346 -5.5858759e-07
36.500244 -5.5630767e-07
36.547142 -5.5403076e-07
36.59404 -5.5175687e-07
36.640938 -5.4948603e-07
36.687836 -5.4721827e-07
36.734734 -5.449536e-07
36.781632 -5.4269205e-07
36.82853 -5.4043365e-07
36.875427 -5.3817842e-07
36.922325 -5.3592638e-07
36.969223 -5.3367756e-07
37.016121 -5.3143198e-07
37.063019 -5.2918967e-07
37.109917 -5.2695064e-07
37.156815 -5.2471493e-07
37.203713 -5.2248256e-07
37.250611 -5.2025354e-07
37.297509 -5.1802792e-07
37.344406 -5.158057e-07
37.391304 -5.1358692e-07
37.438202 -5.1137159e-07
37.4851 -5.0915975e-07
37.531998 -5.0695141e-07
37.578896 -5.047466e-07
37.625794 -5.0254535e-07
37.672692 -5.0034767e-07
37.71959 -4.981536e-07
37.766488 -4.9596315e-07
37.813385 -4.9377635e-07
37.860283 -4.9159323e-07
37.907181 -4.894138e-07
37.954079 -4.872381e-07
38.000977 -4.8506614e-07
38.047875 -4.8289795e-07
38.094773 -4.8073356e-07
38.141671 -4.7857298e-07
38.188569 -4.7641625e-07
38.235467 -4.7426339e-07
38.282364 -4.7211441e-07
38.329262 -4.6996935e-07
38.37616 -4.6782823e-07
38.423058 -4.6569106e-07
38.469956 -4.6355789e-07
38.516854 -4.6142873e-07
38.563752 -4.593036e-07
38.61065 -4.5718253e-07
38.657548 -4.5506554e-07
38.704446 -4.5295266e-07
38.751343 -4.5084391e-07
38.798241 -4.4873932e-07
38.845139 -4.466389e-07
38.892037 -4.4454269e-07
38.938935 -4.424507e-07
38.985833 -4.4036296e-07
39.032731 -4.382795e-07
39.079629 -4.3620034e-07
39.126527 -4.341255e-07
39.173425 -4.3205501e-07
39.220322 -4.2998889e-07
39.26722 -4.2792716e-07
39.314118 -4.2586986e-07
39.361016 -4.2381699e-07
39.407914 -4.217686e-07
39.454812 -4.1972469e-07
39.50171 -4.176853e-07
39.548608 -4.1565045e-07
39.595506 -4.1362017e-07
39.642404 -4.1159447e-07
39.689301 -4.0957338e-07
39.736199 -4.0755693e-07
39.783097 -4.0554514e-07
39.829995 -4.0353803e-07
39.876893 -4.0153563e-07
39.923791 -3.9953796e-07
39.970689 -3.9754504e-07
40.017587 -3.9555691e-07
40.064485 -3.9357358e-07
40.111383 -3.9159507e-07
40.15828 -3.8962142e-07
40.205178 -3.8765265e-07
40.252076 -3.8568877e-07
40.298974 -3.8372982e-07
40.345872 -3.8177581e-07
40.39277 -3.7982678e-07
40.439668 -3.7788275e-07
40.486566 -3.7594373e-07
40.533464 -3.7400976e-07
40.580362 -3.7208086e-07
40.627259 -3.7015704e-07
40.674157 -3.6823835e-07
40.721055 -3.6632479e-07
40.767953 -3.644164e-07
40.814851 -3.625132e-07
40.861749 -3.6061521e-07
40.908647 -3.5872246e-07
40.955545 -3.5683496e-07
41.002443 -3.5495276e-07
41.04934 -3.5307586e-07
41.096238 -3.5120429e-07
41.143136 -3.4933808e-07
41.190034 -3.4747725e-07
41.236932 -3.4562182e-07
41.28383 -3.4377182e-07
41.330728 -3.4192728e-07
41.377626 -3.4008821e-07
41.424524 -3.3825464e-07
41.471422 -3.364266e-07
41.518319 -3.3460411e-07
41.565217 -3.3278718e-07
41.612115 -3.3097586e-07
41.659013 -3.2917016e-07
41.705911 -3.273701e-07
41.752809 -3.2557571e-07
41.799707 -3.2378701e-07
41.846605 -3.2200404e-07
41.893503 -3.202268e-07
41.940401 -3.1845532e-07
41.987298 -3.1668964e-07
42.034196 -3.1492977e-07
42.081094 -3.1317574e-07
42.127992 -3.1142757e-07
42.17489 -3.0968528e-07
42.221788 -3.079489e-07
42.268686 -3.0621846e-07
42.315584 -3.0449397e-07
42.362482 -3.0277547e-07
42.40938 -3.0106297e-07
42.456277 -2.993565e-07
42.503175 -2.9765608e-07
42.550073 -2.9596174e-07
42.596971 -2.9427351e-07
42.643869 -2.9259139e-07
42.690767 -2.9091543e-07
42.737665 -2.8924565e-07
42.784563 -2.8758206e-07
42.831461 -2.8592469e-07
42.878359 -2.8427356e-07
42.925256 -2.8262871e-07
42.972154 -2.8099015e-07
43.019052 -2.7935791e-07
43.06595 -2.7773201e-07
43.112848 -2.7611248e-07
43.159746 -2.7449934e-07
43.206644 -2.7289261e-07
43.253542 -2.7129232e-07
43.30044 -2.6969849e-07
43.347338 -2.6811115e-07
43.394235 -2.6653032e-07
43.441133 -2.6495602e-07
43.488031 -2.6338828e-07
43.534929 -2.6182712e-07
43.581827 -2.6027257e-07
43.628725 -2.5872465e-07
43.675623 -2.5718339e-07
43.722521 -2.556488e-07
43.769419 -2.5412092e-07
43.816317 -2.5259976e-07
43.863214 -2.5108535e-07
43.910112 -2.4957772e-07
43.95701 -2.4807688e-07
44.003908 -2.4658287e-07
44.050806 -2.4509571e-07
44.097704 -2.4361541e-07
44.144602 -2.4214201e-07
44.1915 -2.4067553e-07
44.238398 -2.39216e-07
44.285296 -2.3776342e-07
44.332193 -2.3631785e-07
44.379091 -2.3487928e-07
44.425989 -2.3344775e-07
44.472887 -2.3202329e-07
44.519785 -2.3060592e-07
44.566683 -2.2919565e-07
44.613581 -2.2779252e-07
44.660479 -2.2639655e-07
44.707377 -2.2500777e-07
44.754275 -2.2362619e-07
44.801172 -2.2225184e-07
44.84807 -2.2088474e-07
44.894968 -2.1952493e-07
44.941866 -2.1817242e-07
44.988764 -2.1682724e-07
45.035662 -2.1548941e-07
45.08256 -2.1415895e-07
45.129458 -2.1283589e-07
45.176356 -2.1152026e-07
45.223254 -2.1021208e-07
45.270151 -2.0891136e-07
45.317049 -2.0761815e-07
45.363947 -2.0633245e-07
45.410845 -2.0505429e-07
45.457743 -2.0378371e-07
45.504641 -2.0252071e-07
45.551539 -2.0126533e-07
45.598437 -2.0001759e-07
45.645335 -1.9877752e-07
45.692233 -1.9754513e-07
45.73913 -1.9632046e-07
45.786028 -1.9510352e-07
45.832926 -1.9389434e-07
45.879824 -1.9269294e-07
45.926722 -1.9149936e-07
45.97362 -1.903136e-07
46.020518 -1.8913571e-07
46.067416 -1.8796569e-07
46.114314 -1.8680357e-07
46.161212 -1.8564939e-07
46.208109 -1.8450315e-07
46.255007 -1.833649e-07
46.301905 -1.8223464e-07
46.348803 -1.8111241e-07
46.395701 -1.7999823e-07
46.442599 -1.7889212e-07
46.489497 -1.777941e-07
46.536395 -1.7670421e-07
46.583293 -1.7562246e-07
46.630191 -1.7454888e-07
46.677088 -1.7348349e-07
46.723986 -1.7242632e-07
46.770884 -1.7137739e-07
46.817782 -1.7033672e-07
46.86468 -1.6930435e-07
46.911578 -1.6828028e-07
46.958476 -1.6726456e-07
47.005374 -1.6625719e-07
47.052272 -1.6525821e-07
47.09917 -1.6426764e-07
47.146067 -1.632855e-07
47.192965 -1.6231182e-07
47.239863 -1.6134662e-07
47.286761 -1.6038992e-07
47.333659 -1.5944176e-07
47.380557 -1.5850215e-07
47.427455 -1.5757111e-07
47.474353 -1.5664868e-07
47.521251 -1.5573487e-07
47.568149 -1.5482971e-07
47.615046 -1.5393322e-07
47.661944 -1.5304543e-07
47.708842 -1.5216637e-07
47.75574 -1.5129604e-07
47.802638 -1.5043449e-07
47.849536 -1.4958173e-07
47.896434 -1.4873779e-07
47.943332 -1.4790269e-07
47.99023 -1.4707646e-07
48.037128 -1.4625912e-07
48.084025 -1.4545069e-07
48.130923 -1.4465119e-07
48.177821 -1.4386066e-07
48.224719 -1.4307912e-07
48.271617 -1.4230658e-07
48.318515 -1.4154308e-07
48.365413 -1.4078864e-07
48.412311 -1.4004328e-07
48.459209 -1.3930702e-07
48.506106 -1.385799e-07
48.553004 -1.3786193e-07
48.599902 -1.3715314e-07
48.6468 -1.3645355e-07
48.693698 -1.3576318e-07
48.740596 -1.3508207e-07
48.787494 -1.3441023e-07
48.834392 -1.3374769e-07
48.88129 -1.3309447e-07
48.928188 -1.324506e-07
48.975085 -1.318161e-07
49.021983 -1.3119099e-07
49.068881 -1.305753e-07
49.115779 -1.2996905e-07
49.162677 -1.2937227e-07
49.209575 -1.2878499e-07
49.256473 -1.2820721e-07
49.303371 -1.2763898e-07
49.350269 -1.270803e-07
49.397167 -1.2653122e-07
49.444064 -1.2599174e-07
49.490962 -1.254619e-07
49.53786 -1.2494172e-07
49.584758 -1.2443122e-07
49.631656 -1.2393043e-07
49.678554 -1.2343937e-07
49.725452 -1.2295806e-07
49.77235 -1.2248653e-07
49.819248 -1.2202481e-07
49.866146 -1.2157291e-07
49.913043 -1.2113087e-07
49.959941 -1.206987e-07
50.006839 -1.2027631e-07
50.053737 -1.198573e-07
50.100635 -1.1943789e-07
50.147533 -1.1901808e-07
50.194431 -1.1859789e-07
50.241329 -1.1817731e-07
50.288227 -1.1775634e-07
50.335125 -1.17335e-07
50.382022 -1.1691328e-07
50.42892 -1.1649118e-07
50.475818 -1.1606871e-07
50.522716 -1.1564587e-07
50.569614 -1.1522266e-07
50.616512 -1.1479909e-07
50.66341 -1.1437516e-07
50.710308 -1.1395087e-07
50.757206 -1.1352622e-07
50.804104 -1.1310122e-07
50.851001 -1.1267588e-07
50.897899 -1.1225018e-07
50.944797 -1.1182414e-07
50.991695 -1.1139776e-07
51.038593 -1.1097104e-07
51.085491 -1.1054398e-07
51.132389 -1.1011659e-07
51.179287 -1.0968887e-07
51.226185 -1.0926083e-07
51.273083 -1.0883246e-07
51.31998 -1.0840376e-07
51.366878 -1.0797475e-07
51.413776 -1.0754542e-07
51.460674 -1.0711578e-07
51.507572 -1.0668583e-07
51.55447 -1.0625557e-07
51.601368 -1.05825e-07
51.648266 -1.0539414e-07
51.695164 -1.0496297e-07
51.742062 -1.0453151e-07
51.788959 -1.0409975e-07
51.835857 -1.036677e-07
51.882755 -1.0323537e-07
51.929653 -1.0280275e-07
51.976551 -1.0236985e-07
52.023449 -1.0193666e-07
52.070347 -1.015032e-07
52.117245 -1.0106947e-07
52.164143 -1.0063547e-07
52.211041 -1.0020119e-07
52.257938 -9.9766654e-08
52.304836 -9.9331853e-08
52.351734 -9.8896792e-08
52.398632 -9.8461474e-08
52.44553 -9.8025902e-08
52.492428 -9.7590078e-08
52.539326 -9.7154005e-08
52.586224 -9.6717687e-08
52.633122 -9.6281125e-08
52.68002 -9.5844324e-08
52.726917 -9.5407285e-08
52.773815 -9.4970011e-08
52.820713 -9.4532506e-08
52.867611 -9.4094771e-08
52.914509 -9.3656811e-08
52.961407 -9.3218627e-08
53.008305 -9.2780223e-08
53.055203 -9.2341601e-08
53.102101 -9.1902764e-08
53.148999 -9.1463714e-08
53.195896 -9.1024456e-08
53.242794 -9.0584991e-08
53.289692 -9.0145323e-08
53.33659 -8.9705454e-08
53.383488 -8.9265386e-08
53.430386 -8.8825124e-08
53.477284 -8.8384669e-08
53.524182 -8.7944025e-08
53.57108 -8.7503193e-08
53.617978 -8.7062178e-08
53.664875 -8.6620982e-08
53.711773 -8.6179607e-08
53.758671 -8.5738057e-08
53.805569 -8.5296334e-08
53.852467 -8.4854442e-08
53.899365 -8.4412382e-08
53.946263 -8.3970158e-08
53.993161 -8.3527773e-08
54.040059 -8.3085228e-08
54.086957 -8.2642529e-08
54.133854 -8.2199676e-08
54.180752 -8.1756672e-08
54.22765 -8.1313522e-08
54.274548 -8.0870227e-08
54.321446 -8.042679e-08
54.368344 -7.9983214e-08
54.415242 -7.9539503e-08
54.46214 -7.9095657e-08
54.509038 -7.8651682e-08
54.555936 -7.8207578e-08
54.602833 -7.776335e-08
54.649731 -7.7319e-08
54.696629 -7.687453e-08
54.743527 -7.6429944e-08
54.790425 -7.5985245e-08
54.837323 -7.5540434e-08
54.884221 -7.5095516e-08
54.931119 -7.4650493e-08
54.978017 -7.4205367e-08
55.024915 -7.3760141e-08
55.071812 -7.3314819e-08
55.11871 -7.2869403e-08
55.165608 -7.2423896e-08
55.212506 -7.19783e-08
55.259404 -7.1532619e-08
55.306302 -7.1086855e-08
55.3532 -7.0641012e-08
55.400098 -7.0195091e-08
55.446996 -6.9749096e-08
55.493894 -6.930303e-08
55.540791 -6.8856895e-08
55.587689 -6.8410695e-08
55.634587 -6.7964431e-08
55.681485 -6.7518107e-08
55.728383 -6.7071726e-08
55.775281 -6.6625291e-08
55.822179 -6.6178803e-08
55.869077 -6.5732267e-08
55.915975 -6.5285685e-08
55.962872 -6.4839059e-08
56.00977 -6.4392393e-08
56.056668 -6.3945689e-08
56.103566 -6.349895e-08
56.150464 -6.305218e-08
56.197362 -6.260538e-08
56.24426 -6.2158553e-08
56.291158 -6.1711704e-08
56.338056 -6.1264833e-08
56.384954 -6.0817944e-08
56.431851 -6.037104e-08
56.478749 -5.9924124e-08
56.525647 -5.9477199e-08
56.572545 -5.9030266e-08
56.619443 -5.858333e-08
56.666341 -5.8136393e-08
56.713239 -5.7689457e-08
56.760137 -5.7242526e-08
56.807035 -5.6795602e-08
56.853933 -5.6348689e-08
56.90083 -5.5901788e-08
56.947728 -5.5454903e-08
56.994626 -5.5008037e-08
57.041524 -5.4561192e-08
57.088422 -5.4114372e-08
57.13532 -5.3667578e-08
57.182218 -5.3220815e-08
57.229116 -5.2774084e-08
57.276014 -5.2327389e-08
57.322912 -5.1880731e-08
57.369809 -5.1434115e-08
57.416707 -5.0987543e-08
57.463605 -5.0541018e-08
57.510503 -5.0094542e-08
57.557401 -4.9648119e-08
57.604299 -4.920175e-08
57.651197 -4.875544e-08
57.698095 -4.8309191e-08
57.744993 -4.7863005e-08
57.791891 -4.7416886e-08
57.838788 -4.6970835e-08
57.885686 -4.6524857e-08
57.932584 -4.6078954e-08
57.979482 -4.5633129e-08
58.02638 -4.5187384e-08
58.073278 -4.4741722e-08
58.120176 -4.4296146e-08
58.167074 -4.385066e-08
58.213972 -4.3405265e-08
58.26087 -4.2959964e-08
58.307767 -4.2514762e-08
58.354665 -4.2069659e-08
58.401563 -4.1624659e-08
58.448461 -4.1179765e-08
58.495359 -4.073498e-08
58.542257 -4.0290306e-08
58.589155 -3.9845746e-08
58.636053 -3.9401304e-08
58.682951 -3.8956981e-08
58.729849 -3.8512781e-08
58.776746 -3.8068707e-08
58.823644 -3.7624761e-08
58.870542 -3.7180946e-08
58.91744 -3.6737265e-08
58.964338 -3.6293721e-08
59.011236 -3.5850316e-08
59.058134 -3.5407054e-08
59.105032 -3.4963937e-08
59.15193 -3.4520968e-08
59.198828 -3.407815e-08
59.245725 -3.3635485e-08
59.292623 -3.3192977e-08
59.339521 -3.2750629e-08
59.386419 -3.2308442e-08
59.433317 -3.186642e-08
59.480215 -3.1424566e-08
59.527113 -3.0982882e-08
59.574011 -3.0541372e-08
59.620909 -3.0100038e-08
59.667807 -2.9658883e-08
59.714704 -2.921791e-08
59.761602 -2.8777121e-08
59.8085 -2.833652e-08
59.855398 -2.7896109e-08
59.902296 -2.745589e-08
59.949194 -2.7015868e-08
59.996092 -2.6576045e-08
60.04299 -2.6136423e-08
60.089888 -2.5697005e-08
60.136786 -2.5257794e-08
60.183683 -2.4818793e-08
60.230581 -2.4380005e-08
60.277479 -2.3941433e-08
60.324377 -2.3503079e-08
60.371275 -2.3064946e-08
60.418173 -2.2627037e-08
60.465071 -2.2189354e-08
60.511969 -2.1751902e-08
60.558867 -2.1314681e-08
60.605765 -2.0877696e-08
60.652662 -2.044095e-08
60.69956 -2.0004443e-08
60.746458 -1.9568181e-08
60.793356 -1.9132165e-08
60.840254 -1.8696399e-08
60.887152 -1.8260884e-08
60.93405 -1.7825625e-08
60.980948 -1.7390623e-08
61.027846 -1.6955881e-08
61.074744 -1.6521404e-08
61.121641 -1.6087192e-08
61.168539 -1.5653249e-08
61.215437 -1.5219578e-08
61.262335 -1.4786182e-08
61.309233 -1.4353063e-08
61.356131 -1.3920224e-08
61.403029 -1.3487669e-08
61.449927 -1.3055399e-08
61.496825 -1.2623418e-08
61.543723 -1.2191728e-08
61.59062 -1.1760333e-08
61.637518 -1.1329235e-08
61.684416 -1.0898437e-08
61.731314 -1.0467942e-08
61.778212 -1.0037752e-08
61.82511 -9.6078704e-09
61.872008 -9.1783001e-09
61.918906 -8.7490439e-09
61.965804 -8.3201044e-09
62.012702 -7.8914846e-09
62.059599 -7.4631873e-09
62.106497 -7.0352152e-09
62.153395 -6.6075712e-09
62.200293 -6.180258e-09
62.247191 -5.7532786e-09
62.294089 -5.3266357e-09
62.340987 -4.9003321e-09
62.387885 -4.4743706e-09
62.434783 -4.0487541e-09
62.481681 -3.6234853e-09
62.528578 -3.1985672e-09
62.575476 -2.7740024e-09
62.622374 -2.3497938e-09
62.669272 -1.9259443e-09
62.71617 -1.5024566e-09
62.763068 -1.0793335e-09
62.809966 -6.5657786e-10
62.856864 -2.3419252e-10
62.903762 1.8781974e-10
62.95066 6.094561e-10
62.997557 1.0307138e-09
63.044455 1.4515899e-09
63.091353 1.8720817e-09
63.138251 2.2921863e-09
63.185149 2.711901e-09
63.232047 3.1312229e-09
63.278945 3.5501492e-09
63.325843 3.9686771e-09
63.372741 4.3868038e-09
63.419638 4.8045264e-09
63.466536 5.2218422e-09
63.513434 5.6387484e-09
63.560332 6.055242e-09
63.60723 6.4713204e-09
63.654128 6.8869807e-09
63.701026 7.3022201e-09
63.747924 7.7170358e-09
63.794822 8.1314249e-09
63.84172 8.5453846e-09
63.888617 8.9589123e-09
63.935515 9.3720049e-09
63.982413 9.7846597e-09
64.029311 1.0196874e-08
64.076209 1.0608645e-08
64.123107 1.1019969e-08
64.170005 1.1430845e-08
64.216903 1.1841269e-08
64.263801 1.2251238e-08
64.310699 1.2660749e-08
64.357596 1.30698e-08
64.404494 1.3478388e-08
64.451392 1.3886511e-08
64.49829 1.4294164e-08
64.545188 1.4701346e-08
64.592086 1.5108054e-08
64.638984 1.5514284e-08
64.685882 1.5920034e-08
64.73278 1.6325302e-08
64.779678 1.6730084e-08
64.826575 1.7134377e-08
64.873473 1.753818e-08
64.920371 1.7941488e-08
64.967269 1.8344299e-08
65.014167 1.8746611e-08
65.061065 1.914842e-08
65.107963 1.9549724e-08
65.154861 1.995052e-08
65.201759 2.0350804e-08
65.248657 2.0750576e-08
65.295554 2.114983e-08
65.342452 2.1548565e-08
65.38935 2.1946778e-08
65.436248 2.2344466e-08
65.483146 2.2741626e-08
65.530044 2.3138256e-08
65.576942 2.3534352e-08
65.62384 2.3929911e-08
65.670738 2.4324932e-08
65.717636 2.4719411e-08
65.764533 2.5113345e-08
65.811431 2.5506732e-08
65.858329 2.5899568e-08
65.905227 2.6291851e-08
65.952125 2.6683578e-08
65.999023 2.7074747e-08
66.045921 2.7465354e-08
66.092819 2.7855396e-08
66.139717 2.8244871e-08
66.186615 2.8633777e-08
66.233512 2.9022109e-08
66.28041 2.9409866e-08
66.327308 2.9797044e-08
66.374206 3.0183641e-08
66.421104 3.0569654e-08
66.468002 3.095508e-08
66.5149 3.1339917e-08
66.561798 3.172416e-08
66.608696 3.2107809e-08
66.655594 3.2490859e-08
66.702491 3.2873309e-08
66.749389 3.3255154e-08
66.796287 3.3636393e-08
66.843185 3.4017023e-08
66.890083 3.439704e-08
66.936981 3.4776443e-08
66.983879 3.5155227e-08
67.030777 3.5533391e-08
67.077675 3.5910932e-08
67.124573 3.6287846e-08
67.17147 3.6664131e-08
67.218368 3.7039784e-08
67.265266 3.7414802e-08
67.312164 3.7789183e-08
67.359062 3.8162924e-08
67.40596 3.8536021e-08
67.452858 3.8908472e-08
67.499756 3.9280275e-08
67.546654 3.9651426e-08
67.593552 4.0021923e-08
67.640449 4.0391762e-08
67.687347 4.0760941e-08
67.734245 4.1129458e-08
67.781143 4.1497308e-08
67.828041 4.1864491e-08
67.874939 4.2231002e-08
67.921837 4.2596839e-08
67.968735 4.2961999e-08
68.015633 4.3326479e-08
68.062531 4.3690277e-08
68.109428 4.4053389e-08
68.156326 4.4415813e-08
68.203224 4.4777546e-08
68.250122 4.5138586e-08
68.29702 4.5498928e-08
68.343918 4.5858572e-08
68.390816 4.6217513e-08
68.437714 4.6575749e-08
68.484612 4.6933277e-08
68.53151 4.7290094e-08
68.578407 4.7646198e-08
68.625305 4.8001586e-08
68.672203 4.8356255e-08
68.719101 4.8710201e-08
68.765999 4.9063423e-08
68.812897 4.9415917e-08
68.859795 4.9767681e-08
68.906693 5.0118712e-08
68.953591 5.0469007e-08
69.000489 5.0818563e-08
69.047386 5.1167377e-08
69.094284 5.1515447e-08
69.141182 5.1862769e-08
69.18808 5.2209342e-08
69.234978 5.2555162e-08
69.281876 5.2900226e-08
69.328774 5.3244531e-08
69.375672 5.3588075e-08
69.42257 5.3930855e-08
69.469468 5.4272868e-08
69.516365 5.4614112e-08
69.563263 5.4954582e-08
69.610161 5.5294278e-08
69.657059 5.5633195e-08
69.703957 5.5971331e-08
69.750855 5.6308683e-08
69.797753 5.6645249e-08
69.844651 5.6981025e-08
69.891549 5.7316009e-08
69.938447 5.7650198e-08
69.985344 5.7983589e-08
70.032242 5.8316179e-08
70.07914 5.8647966e-08
70.126038 5.8978946e-08
70.172936 5.9309117e-08
70.219834 5.9638476e-08
70.266732 5.9967021e-08
70.31363 6.0294748e-08
70.360528 6.0621654e-08
70.407426 6.0947738e-08
70.454323 6.1272995e-08
70.501221 6.1597423e-08
70.548119 6.192102e-08
70.595017 6.2243782e-08
70.641915 6.2565708e-08
70.688813 6.2886792e-08
70.735711 6.3207034e-08
70.782609 6.3526431e-08
70.829507 6.3844979e-08
70.876404 6.4162675e-08
70.923302 6.4479517e-08
70.9702 6.4795503e-08
71.017098 6.5110628e-08
71.063996 6.5424891e-08
71.110894 6.5738288e-08
71.157792 6.6050818e-08
71.20469 6.6362476e-08
71.251588 6.667326e-08
71.298486 6.6983168e-08
71.345383 6.7292196e-08
71.392281 6.7600342e-08
71.439179 6.7907603e-08
71.486077 6.8213976e-08
71.532975 6.8519458e-08
71.579873 6.8824047e-08
71.626771 6.9127739e-08
71.673669 6.9430532e-08
71.720567 6.9732423e-08
71.767465 7.0033409e-08
71.814362 7.0333488e-08
71.86126 7.0632656e-08
71.908158 7.0930911e-08
71.955056 7.122825e-08
72.001954 7.1524671e-08
72.048852 7.1820169e-08
72.09575 7.2114743e-08
72.142648 7.240839e-08
72.189546 7.2701106e-08
72.236444 7.299289e-08
72.283341 7.3283737e-08
72.330239 7.3573647e-08
72.377137 7.3862615e-08
72.424035 7.4150638e-08
72.470933 7.4437715e-08
72.517831 7.4723842e-08
72.564729 7.5009016e-08
72.611627 7.5293235e-08
72.658525 7.5576496e-08
72.705423 7.5858795e-08
72.75232 7.6140131e-08
72.799218 7.64205e-08
72.846116 7.6699899e-08
72.893014 7.6978326e-08
72.939912 7.7255778e-08
72.98681 7.7532252e-08
73.033708 7.7807746e-08
73.080606 7.8082255e-08
73.127504 7.8355779e-08
73.174402 7.8628313e-08
73.221299 7.8899855e-08
73.268197 7.9170402e-08
73.315095 7.9439952e-08
73.361993 7.9708501e-08
73.408891 7.9976047e-08
73.455789 8.0242587e-08
73.502687 8.0508118e-08
73.549585 8.0772637e-08
73.596483 8.1036142e-08
73.643381 8.1298629e-08
73.690278 8.1560097e-08
73.737176 8.1820541e-08
73.784074 8.2079959e-08
73.830972 8.2338349e-08
73.87787 8.2595708e-08
73.924768 8.2852032e-08
73.971666 8.3107319e-08
74.018564 8.3361567e-08
74.065462 8.3614772e-08
74.11236 8.3866931e-08
74.159257 8.4118042e-08
74.206155 8.4368102e-08
74.253053 8.4617108e-08
74.299951 8.4865058e-08
74.346849 8.5111947e-08
74.393747 8.5357775e-08
74.440645 8.5602537e-08
74.487543 8.5846232e-08
74.534441 8.6088855e-08
74.581339 8.6330405e-08
74.628236 8.6570879e-08
74.675134 8.6810273e-08
74.722032 8.7048585e-08
74.76893 8.7285813e-08
74.815828 8.7521953e-08
74.862726 8.7757002e-08
74.909624 8.7990958e-08
74.956522 8.8223818e-08
75.00342 8.8455579e-08
75.050318 8.8686238e-08
75.097215 8.8915793e-08
75.144113 8.914424e-08
75.191011 8.9371577e-08
75.237909 8.9597802e-08
75.284807 8.982291e-08
75.331705 9.00469e-08
75.378603 9.0269768e-08
75.425501 9.0491512e-08
75.472399 9.0712129e-08
75.519297 9.0931617e-08
75.566194 9.1149971e-08
75.613092 9.136719e-08
75.65999 9.1583271e-08
75.706888 9.179821e-08
75.753786 9.2012006e-08
75.800684 9.2224655e-08
75.847582 9.2436155e-08
75.89448 9.2646502e-08
75.941378 9.2855693e-08
75.988276 9.3063727e-08
76.035173 9.32706e-08
76.082071 9.347631e-08
76.128969 9.3680853e-08
76.175867 9.3884226e-08
76.222765 9.4086428e-08
76.269663 9.4287455e-08
76.316561 9.4487304e-08
76.363459 9.4685972e-08
76.410357 9.4883458e-08
76.457255 9.5079757e-08
76.504152 9.5274867e-08
76.55105 9.5468785e-08
76.597948 9.5661509e-08
76.644846 9.5853036e-08
76.691744 9.6043362e-08
76.738642 9.6232485e-08
76.78554 9.6420403e-08
76.832438 9.6607112e-08
76.879336 9.6792609e-08
76.926234 9.6976892e-08
76.973131 9.7159958e-08
77.020029 9.7341804e-08
77.066927 9.7522428e-08
77.113825 9.7701826e-08
77.160723 9.7879995e-08
77.207621 9.8056934e-08
77.254519 9.8232638e-08
77.301417 9.8407106e-08
77.348315 9.8580334e-08
77.395213 9.875232e-08
77.44211 9.892306e-08
77.489008 9.9092553e-08
77.535906 9.9260794e-08
77.582804 9.9427782e-08
77.629702 9.9593514e-08
77.6766 9.9757986e-08
77.723498 9.9921196e-08
77.770396 1.0008314e-07
77.817294 1.0024382e-07
77.864191 1.0040323e-07
77.911089 1.0056136e-07
77.957987 1.0071822e-07
78.004885 1.008738e-07
78.051783 1.0102809e-07
78.098681 1.0118111e-07
78.145579 1.0133283e-07
78.192477 1.0148326e-07
78.239375 1.0163241e-07
78.286273 1.0178025e-07
78.33317 1.019268e-07
78.380068 1.0207204e-07
78.426966 1.0221599e-07
78.473864 1.0235862e-07
78.520762 1.0249994e-07
78.56766 1.0263996e-07
78.614558 1.0277865e-07
78.661456 1.0291603e-07
78.708354 1.0305209e-07
78.755252 1.0318682e-07
78.802149 1.0332022e-07
78.849047 1.034523e-07
78.895945 1.0358304e-07
78.942843 1.0371245e-07
78.989741 1.0384052e-07
79.036639 1.0396725e-07
79.083537 1.0409264e-07
79.130435 1.0421668e-07
79.177333 1.0433937e-07
79.224231 1.044607e-07
79.271128 1.0458069e-07
79.318026 1.0469931e-07
79.364924 1.0481658e-07
79.411822 1.0493248e-07
79.45872 1.0504701e-07
79.505618 1.0516018e-07
79.552516 1.0527197e-07
79.599414 1.0538239e-07
79.646312 1.0549144e-07
79.69321 1.055991e-07
79.740107 1.0570538e-07
79.787005 1.0581027e-07
79.833903 1.0591377e-07
79.880801 1.0601589e-07
79.927699 1.0611661e-07
79.974597 1.0621593e-07
80.021495 1.0631385e-07
80.068393 1.0641037e-07
80.115291 1.0650548e-07
80.162189 1.0659919e-07
80.209086 1.0669148e-07
80.255984 1.0678236e-07
80.302882 1.0687182e-07
80.34978 1.0695986e-07
80.396678 1.0704649e-07
80.443576 1.0713168e-07
80.490474 1.0721545e-07
80.537372 1.0729778e-07
80.58427 1.0737869e-07
80.631168 1.0745815e-07
80.678065 1.0753618e-07
80.724963 1.0761276e-07
80.771861 1.076879e-07
80.818759 1.077616e-07
80.865657 1.0783384e-07
80.912555 1.0790463e-07
80.959453 1.0797396e-07
81.006351 1.0804183e-07
81.053249 1.0810824e-07
81.100147 1.0817319e-07
81.147044 1.0823667e-07
81.193942 1.0829868e-07
81.24084 1.0835921e-07
81.287738 1.0841827e-07
81.334636 1.0847585e-07
81.381534 1.0853195e-07
81.428432 1.0858657e-07
81.47533 1.0863969e-07
81.522228 1.0869133e-07
81.569126 1.0874148e-07
81.616023 1.0879013e-07
81.662921 1.0883728e-07
81.709819 1.0888293e-07
81.756717 1.0892707e-07
81.803615 1.0896971e-07
81.850513 1.0901084e-07
81.897411 1.0905046e-07
81.944309 1.0908856e-07
81.991207 1.0912514e-07
82.038105 1.0916021e-07
82.085002 1.0919375e-07
82.1319 1.0922576e-07
82.178798 1.0925624e-07
82.225696 1.0928519e-07
82.272594 1.0931261e-07
82.319492 1.0933849e-07
82.36639 1.0936282e-07
82.413288 1.0938562e-07
82.460186 1.0940687e-07
82.507084 1.0942656e-07
82.553981 1.0944471e-07
82.600879 1.094613e-07
82.647777 1.0947634e-07
82.694675 1.0948981e-07
82.741573 1.0950172e-07
82.788471 1.0951207e-07
82.835369 1.0952085e-07
82.882267 1.0952805e-07
82.929165 1.0953368e-07
82.976063 1.0953774e-07
83.02296 1.0954021e-07
83.069858 1.095411e-07
83.116756 1.095404e-07
83.163654 1.0953812e-07
83.210552 1.0953425e-07
83.25745 1.0952878e-07
83.304348 1.0952171e-07
83.351246 1.0951305e-07
83.398144 1.0950278e-07
83.445042 1.0949091e-07
83.491939 1.0947743e-07
83.538837 1.0946233e-07
83.585735 1.0944563e-07
83.632633 1.0942731e-07
83.679531 1.0940736e-07
83.726429 1.093858e-07
83.773327 1.0936261e-07
83.820225 1.0933779e-07
83.867123 1.0931135e-07
83.914021 1.0928327e-07
83.960918 1.0925355e-07
84.007816 1.0922219e-07
84.054714 1.0918919e-07
84.101612 1.0915455e-07
84.14851 1.0911826e-07
84.195408 1.0908032e-07
84.242306 1.0904073e-07
84.289204 1.0899948e-07
84.336102 1.0895657e-07
84.383 1.08912e-07
84.429897 1.0886576e-07
84.476795 1.0881786e-07
84.523693 1.0876829e-07
84.570591 1.0871705e-07
84.617489 1.0866413e-07
84.664387 1.0860953e-07
84.711285 1.0855325e-07
84.758183 1.0849528e-07
84.805081 1.0843563e-07
84.851979 1.0837429e-07
84.898876 1.0831126e-07
84.945774 1.0824653e-07
84.992672 1.081801e-07
85.03957 1.0811198e-07
85.086468 1.0804215e-07
85.133366 1.0797061e-07
85.180264 1.0789736e-07
85.227162 1.078224e-07
85.27406 1.0774573e-07
85.320957 1.0766733e-07
85.367855 1.0758722e-07
85.414753 1.0750538e-07
85.461651 1.0742182e-07
85.508549 1.0733653e-07
85.555447 1.0724951e-07
85.602345 1.0716075e-07
85.649243 1.0707025e-07
85.696141 1.0697801e-07
85.743039 1.0688403e-07
85.789936 1.0678831e-07
85.836834 1.0669083e-07
85.883732 1.0659161e-07
85.93063 1.0649063e-07
85.977528 1.0638789e-07
86.024426 1.0628339e-07
86.071324 1.0617713e-07
86.118222 1.0606911e-07
86.16512 1.0595931e-07
86.212018 1.0584775e-07
86.258915 1.0573441e-07
86.305813 1.0561929e-07
86.352711 1.0550239e-07
86.399609 1.0538371e-07
86.446507 1.0526325e-07
86.493405 1.0514099e-07
86.540303 1.0501695e-07
86.587201 1.0489111e-07
86.634099 1.0476348e-07
86.680997 1.0463405e-07
86.727894 1.0450281e-07
86.774792 1.0436977e-07
86.82169 1.0423492e-07
86.868588 1.0409826e-07
86.915486 1.0395979e-07
86.962384 1.038195e-07
87.009282 1.0367739e-07
87.05618 1.0353346e-07
87.103078 1.033877e-07
87.149976 1.0324012e-07
87.196873 1.0309071e-07
87.243771 1.0293946e-07
87.290669 1.0278638e-07
87.337567 1.0263146e-07
87.384465 1.0247469e-07
87.431363 1.0231609e-07
87.478261 1.0215563e-07
87.525159 1.0199333e-07
87.572057 1.0182917e-07
87.618955 1.0166316e-07
87.665852 1.0149529e-07
87.71275 1.0132555e-07
87.759648 1.0115396e-07
87.806546 1.0098049e-07
87.853444 1.0080516e-07
87.900342 1.0062795e-07
87.94724 1.0044887e-07
87.994138 1.0026791e-07
88.041036 1.0008507e-07
88.087934 9.9900344e-08
88.134831 9.9713733e-08
88.181729 9.9525232e-08
88.228627 9.9334838e-08
88.275525 9.914255e-08
88.322423 9.8948364e-08
88.369321 9.8752277e-08
88.416219 9.8554287e-08
88.463117 9.835439e-08
88.510015 9.8152584e-08
88.556913 9.7948866e-08
88.60381 9.7743233e-08
88.650708 9.7535683e-08
88.697606 9.7326212e-08
88.744504 9.7114819e-08
88.791402 9.6901499e-08
88.8383 9.668625e-08
88.885198 9.646907e-08
88.932096 9.6249955e-08
88.978994 9.6028903e-08
89.025892 9.580591e-08
89.072789 9.5580975e-08
89.119687 9.5354094e-08
89.166585 9.5125265e-08
89.213483 9.4894484e-08
89.260381 9.4661749e-08
89.307279 9.4427057e-08
89.354177 9.4190406e-08
89.401075 9.3951791e-08
89.447973 9.3711212e-08
89.494871 9.3468664e-08
89.541768 9.3224145e-08
89.588666 9.2977652e-08
89.635564 9.2729182e-08
89.682462 9.2478733e-08
89.72936 9.2226302e-08
89.776258 9.1971886e-08
89.823156 9.1715481e-08
89.870054 9.1457086e-08
89.916952 9.1196698e-08
89.96385 9.0934313e-08
90.010747 9.0669929e-08
90.057645 9.0403542e-08
90.104543 9.0135152e-08
90.151441 8.9864753e-08
90.198339 8.9592344e-08
90.245237 8.9317922e-08
90.292135 8.9041483e-08
90.339033 8.8763026e-08
90.385931 8.8482548e-08
90.432829 8.8200044e-08
90.479726 8.7915514e-08
90.526624 8.7628953e-08
90.573522 8.7340359e-08
90.62042 8.704973e-08
90.667318 8.6757062e-08
90.714216 8.6462352e-08
90.761114 8.6165599e-08
90.808012 8.5866798e-08
90.85491 8.5565948e-08
90.901808 8.5263045e-08
90.948705 8.4958086e-08
90.995603 8.465107e-08
91.042501 8.4341992e-08
91.089399 8.403085e-08
91.136297 8.3717642e-08
91.183195 8.3402364e-08
91.230093 8.3085014e-08
91.276991 8.2765588e-08
91.323889 8.2444085e-08
91.370787 8.2120501e-08
91.417684 8.1794834e-08
91.464582 8.146708e-08
91.51148 8.1137236e-08
91.558378 8.0805301e-08
91.605276 8.0471271e-08
91.652174 8.0135143e-08
91.699072 7.9796915e-08
91.74597 7.9456584e-08
91.792868 7.9114146e-08
91.839766 7.87696e-08
91.886663 7.8422942e-08
91.933561 7.8074169e-08
91.980459 7.7723279e-08
92.027357 7.7370269e-08
92.074255 7.7015136e-08
92.121153 7.6657877e-08
92.168051 7.629849e-08
92.214949 7.5936971e-08
92.261847 7.5573318e-08
92.308745 7.5207528e-08
92.355642 7.4839598e-08
92.40254 7.4469526e-08
92.449438 7.4097308e-08
92.496336 7.3722941e-08
92.543234 7.3346424e-08
92.590132 7.2967753e-08
92.63703 7.2586924e-08
92.683928 7.2203937e-08
92.730826 7.1818787e-08
92.777723 7.1431472e-08
92.824621 7.1041989e-08
92.871519 7.0650335e-08
92.918417 7.0256508e-08
92.965315 6.9860504e-08
93.012213 6.9462321e-08
93.059111 6.9061956e-08
93.106009 6.8659406e-08
93.152907 6.8254668e-08
93.199805 6.784774e-08
93.246702 6.7438618e-08
93.2936 6.7027301e-08
93.340498 6.6613784e-08
93.387396 6.6198066e-08
93.434294 6.5780144e-08
93.481192 6.5360013e-08
93.52809 6.4937673e-08
93.574988 6.451312e-08
93.621886 6.4086351e-08
93.668784 6.3657363e-08
93.715681 6.3226154e-08
93.762579 6.2792721e-08
93.809477 6.235706e-08
93.856375 6.191917e-08
93.903273 6.1479047e-08
93.950171 6.1036689e-08
93.997069 6.0592092e-08
94.043967 6.0145254e-08
94.090865 5.9696173e-08
94.137763 5.9244844e-08
94.18466 5.8791266e-08
94.231558 5.8335435e-08
94.278456 5.787735e-08
94.325354 5.7417006e-08
94.372252 5.6954402e-08
94.41915 5.6489534e-08
94.466048 5.6022399e-08
94.512946 5.5552995e-08
94.559844 5.5081319e-08
94.606742 5.4607369e-08
94.653639 5.413114e-08
94.700537 5.3652631e-08
94.747435 5.3171839e-08
94.794333 5.2688761e-08
94.841231 5.2203393e-08
94.888129 5.1715734e-08
94.935027 5.1225781e-08
94.981925 5.073353e-08
95.028823 5.0238978e-08
95.075721 4.9742124e-08
95.122618 4.9242964e-08
95.169516 4.8741495e-08
95.216414 4.8237715e-08
95.263312 4.7731621e-08
95.31021 4.7223209e-08
95.357108 4.6712478e-08
95.404006 4.6199424e-08
95.450904 4.5684044e-08
95.497802 4.5166336e-08
95.5447 4.4646297e-08
95.591597 4.4123924e-08
95.638495 4.3599214e-08
95.685393 4.3072164e-08
95.732291 4.2542773e-08
95.779189 4.2011036e-08
95.826087 4.1476951e-08
95.872985 4.0940515e-08
95.919883 4.0401725e-08
95.966781 3.9860579e-08
96.013679 3.9317074e-08
96.060576 3.8771206e-08
96.107474 3.8222974e-08
96.154372 3.7672374e-08
96.20127 3.7119403e-08
96.248168 3.6564059e-08
96.295066 3.6006339e-08
96.341964 3.544624e-08
96.388862 3.488376e-08
96.43576 3.4318894e-08
96.482658 3.3751641e-08
96.529555 3.3181998e-08
96.576453 3.2609962e-08
96.623351 3.203553e-08
96.670249 3.14587e-08
96.717147 3.0879467e-08
96.764045 3.0297831e-08
96.810943 2.9713788e-08
96.857841 2.9127334e-08
96.904739 2.8538468e-08
96.951637 2.7947186e-08
96.998534 2.7353486e-08
97.045432 2.6757365e-08
97.09233 2.615882e-08
97.139228 2.5557848e-08
97.186126 2.4954446e-08
97.233024 2.4348612e-08
97.279922 2.3740343e-08
97.32682 2.3129636e-08
97.373718 2.2516487e-08
97.420616 2.1900895e-08
97.467513 2.1282857e-08
97.514411 2.0662369e-08
97.561309 2.003943e-08
97.608207 1.9414035e-08
97.655105 1.8786182e-08
97.702003 1.8155869e-08
97.748901 1.7523093e-08
97.795799 1.688785e-08
97.842697 1.6250139e-08
97.889595 1.5609956e-08
97.936492 1.4967297e-08
97.98339 1.4322162e-08
98.030288 1.3674546e-08
98.077186 1.3024448e-08
98.124084 1.2371863e-08
98.170982 1.171679e-08
98.21788 1.1059225e-08
98.264778 1.0399166e-08
98.311676 9.7366093e-09
98.358574 9.0715531e-09
98.405471 8.4039941e-09
98.452369 7.7339295e-09
98.499267 7.0613566e-09
98.546165 6.3862724e-09
98.593063 5.7086743e-09
98.639961 5.0285593e-09
98.686859 4.3459247e-09
98.733757 3.6607676e-09
98.780655 2.9730853e-09
98.827553 2.2828749e-09
98.87445 1.5901336e-09
98.921348 8.9485855e-10
98.968246 1.9704703e-10
99.015144 -5.0330383e-10
99.062042 -1.2061968e-09
99.10894 -1.9116348e-09
99.155838 -2.6196205e-09
99.202736 -3.3301568e-09
99.249634 -4.0432465e-09
99.296532 -4.7588924e-09
99.343429 -5.4770974e-09
99.390327 -6.1978642e-09
99.437225 -6.9211956e-09
99.484123 -7.6470945e-09
99.531021 -8.3755636e-09
99.577919 -9.1066059e-09
99.624817 -9.8402241e-09
99.671715 -1.0576421e-08
99.718613 -1.1315199e-08
99.765511 -1.2056562e-08
99.812408 -1.2800512e-08
99.859306 -1.3547052e-08
99.906204 -1.4296185e-08
99.953102 -1.5047913e-08
100 -1.580224e-08
