             0.1        0.0978521
        0.119453        0.0410325
        0.138905       -0.0100368
        0.158358       -0.0555584
         0.17781        -0.095735
        0.197263        -0.130769
        0.216716        -0.160863
        0.236168         -0.18622
        0.255621        -0.207043
        0.275073        -0.223533
        0.294526        -0.235894
        0.313978        -0.244328
        0.333431        -0.249038
        0.352884        -0.250227
        0.372336        -0.248096
        0.391789        -0.242849
        0.411241        -0.234688
        0.430694        -0.223816
        0.450147        -0.210436
        0.469599        -0.194749
        0.489052        -0.176959
        0.508504        -0.157269
        0.527957         -0.13588
         0.54741        -0.112996
        0.566862       -0.0888185
        0.586315       -0.0635509
        0.605767       -0.0373959
         0.62522       -0.0105767
        0.644673        0.0166486
        0.664125        0.0440184
        0.683578        0.0712711
         0.70303        0.0981451
        0.722483         0.124379
        0.741935         0.149711
        0.761388         0.173879
        0.780841         0.196623
        0.800293          0.21768
        0.819746         0.236789
        0.839198         0.253689
        0.858651         0.268125
        0.878104         0.280088
        0.897556         0.289853
        0.917009         0.297707
        0.936461         0.303939
        0.955914         0.308839
        0.975367         0.312694
        0.994819         0.315794
         1.01427         0.318406
         1.03372         0.320601
         1.05318         0.322346
         1.07263         0.323605
         1.09208         0.324341
         1.11153         0.324525
         1.13099         0.324166
         1.15044         0.323312
         1.16989         0.322012
         1.18935         0.320312
          1.2088         0.318261
         1.22825         0.315907
          1.2477         0.313298
         1.26716         0.310477
         1.28661         0.307466
         1.30606         0.304279
         1.32551          0.30093
         1.34497          0.29743
         1.36442         0.293795
         1.38387         0.290038
         1.40332         0.286172
         1.42278          0.28221
         1.44223         0.278166
         1.46168         0.274055
         1.48113         0.269888
         1.50059          0.26568
         1.52004         0.261442
         1.53949         0.257182
         1.55894         0.252904
          1.5784         0.248613
         1.59785         0.244316
          1.6173         0.240017
         1.63675          0.23572
         1.65621         0.231433
         1.67566         0.227159
         1.69511         0.222905
         1.71457         0.218675
         1.73402         0.214474
         1.75347         0.210309
         1.77292         0.206182
         1.79238         0.202096
         1.81183         0.198052
         1.83128         0.194051
         1.85073         0.190095
         1.87019         0.186184
         1.88964         0.182321
         1.90909         0.178506
         1.92854         0.174741
           1.948         0.171026
         1.96745         0.167364
          1.9869         0.163756
         2.00635         0.160202
         2.02581         0.156704
         2.04526         0.153262
         2.06471         0.149875
         2.08416         0.146544
         2.10362         0.143268
         2.12307         0.140047
         2.14252         0.136882
         2.16197         0.133772
         2.18143         0.130717
         2.20088         0.127717
         2.22033         0.124772
         2.23978         0.121882
         2.25924         0.119046
         2.27869         0.116266
         2.29814         0.113539
          2.3176         0.110865
         2.33705         0.108244
          2.3565         0.105675
         2.37595         0.103157
         2.39541         0.100691
         2.41486        0.0982744
         2.43431        0.0959076
         2.45376        0.0935898
         2.47322        0.0913204
         2.49267        0.0890988
         2.51212        0.0869244
         2.53157        0.0847965
         2.55103        0.0827144
         2.57048        0.0806774
         2.58993        0.0786847
         2.60938        0.0767357
         2.62884        0.0748296
         2.64829        0.0729658
         2.66774        0.0711434
         2.68719        0.0693618
         2.70665        0.0676203
          2.7261        0.0659181
         2.74555        0.0642546
           2.765         0.062629
         2.78446        0.0610406
         2.80391        0.0594888
         2.82336        0.0579729
         2.84282        0.0564922
         2.86227        0.0550461
         2.88172        0.0536339
         2.90117         0.052255
         2.92063        0.0509086
         2.94008        0.0495941
         2.95953        0.0483108
         2.97898        0.0470581
         2.99844        0.0458353
         3.01789        0.0446418
         3.03734        0.0434769
         3.05679        0.0423401
         3.07625        0.0412309
          3.0957        0.0401486
         3.11515        0.0390928
          3.1346        0.0380628
         3.15406        0.0370581
         3.17351        0.0360782
         3.19296        0.0351225
         3.21241        0.0341904
         3.23187        0.0332813
         3.25132        0.0323948
         3.27077        0.0315302
         3.29022        0.0306871
         3.30968        0.0298651
         3.32913        0.0290637
         3.34858        0.0282825
         3.36804         0.027521
         3.38749        0.0267788
         3.40694        0.0260554
         3.42639        0.0253504
         3.44585        0.0246633
          3.4653        0.0239938
         3.48475        0.0233413
          3.5042        0.0227054
         3.52366        0.0220857
         3.54311        0.0214818
         3.56256        0.0208935
         3.58201        0.0203203
         3.60147        0.0197619
         3.62092         0.019218
         3.64037        0.0186882
         3.65982        0.0181723
         3.67928        0.0176698
         3.69873        0.0171803
         3.71818        0.0167037
         3.73763        0.0162395
         3.75709        0.0157874
         3.77654         0.015347
         3.79599        0.0149182
         3.81544        0.0145006
          3.8349         0.014094
         3.85435        0.0136982
          3.8738        0.0133129
         3.89326        0.0129378
         3.91271        0.0125727
         3.93216        0.0122173
         3.95161        0.0118714
         3.97107        0.0115347
         3.99052        0.0112069
         4.00997        0.0108878
         4.02942        0.0105772
         4.04888        0.0102749
         4.06833       0.00998072
         4.08778       0.00969442
         4.10723       0.00941583
         4.12669       0.00914477
         4.14614       0.00888104
         4.16559       0.00862447
         4.18504       0.00837485
          4.2045       0.00813201
         4.22395       0.00789575
          4.2434       0.00766587
         4.26285       0.00744221
         4.28231       0.00722459
         4.30176       0.00701288
         4.32121       0.00680694
         4.34066       0.00660663
         4.36012       0.00641182
         4.37957       0.00622236
         4.39902       0.00603813
         4.41848       0.00585898
         4.43793       0.00568477
         4.45738       0.00551537
         4.47683       0.00535063
         4.49629       0.00519043
         4.51574       0.00503462
         4.53519        0.0048831
         4.55464       0.00473576
          4.5741       0.00459251
         4.59355       0.00445324
           4.613       0.00431786
         4.63245       0.00418627
         4.65191       0.00405837
         4.67136       0.00393406
         4.69081       0.00381323
         4.71026        0.0036958
         4.72972       0.00358165
         4.74917        0.0034707
         4.76862       0.00336284
         4.78807         0.003258
         4.80753        0.0031561
         4.82698       0.00305709
         4.84643       0.00296087
         4.86588       0.00286739
         4.88534       0.00277657
         4.90479       0.00268834
         4.92424       0.00260263
          4.9437       0.00251937
         4.96315       0.00243849
          4.9826       0.00235991
         5.00205       0.00228357
         5.02151       0.00220939
         5.04096       0.00213733
         5.06041       0.00206733
         5.07986       0.00199935
         5.09932       0.00193332
         5.11877       0.00186921
         5.13822       0.00180696
         5.15767       0.00174652
         5.17713       0.00168784
         5.19658       0.00163087
         5.21603       0.00157556
         5.23548       0.00152185
         5.25494        0.0014697
         5.27439       0.00141906
         5.29384        0.0013699
         5.31329       0.00132217
         5.33275       0.00127584
          5.3522       0.00123088
         5.37165       0.00118725
          5.3911       0.00114492
         5.41056       0.00110384
         5.43001       0.00106399
         5.44946       0.00102532
         5.46891      0.000987803
         5.48837        0.0009514
         5.50782      0.000916077
         5.52727      0.000881801
         5.54673      0.000848548
         5.56618       0.00081629
         5.58563      0.000785005
         5.60508      0.000754665
         5.62454      0.000725247
         5.64399      0.000696723
         5.66344      0.000669071
         5.68289      0.000642263
         5.70235      0.000616275
          5.7218      0.000591081
         5.74125      0.000566657
          5.7607      0.000542977
         5.78016      0.000520019
         5.79961      0.000497767
         5.81906      0.000476202
         5.83851      0.000455307
         5.85797      0.000435063
         5.87742      0.000415454
         5.89687      0.000396461
         5.91632      0.000378066
         5.93578      0.000360253
         5.95523      0.000343003
         5.97468      0.000326298
         5.99413      0.000310122
         6.01359      0.000294455
         6.03304      0.000279285
         6.05249      0.000264598
         6.07195      0.000250382
          6.0914      0.000236625
         6.11085      0.000223315
          6.1303      0.000210439
         6.14976      0.000197985
         6.16921       0.00018594
         6.18866      0.000174292
         6.20811      0.000163029
         6.22757      0.000152138
         6.24702      0.000141607
         6.26647      0.000131424
         6.28592      0.000121579
         6.30538      0.000112064
         6.32483      0.000102869
         6.34428      9.39876e-05
         6.36373      8.54098e-05
         6.38319      7.71271e-05
         6.40264      6.91311e-05
         6.42209      6.14131e-05
         6.44154      5.39644e-05
           6.461      4.67766e-05
         6.48045      3.98409e-05
          6.4999      3.31488e-05
         6.51935      2.66921e-05
         6.53881      2.04644e-05
         6.55826      1.44596e-05
         6.57771      8.67191e-06
         6.59717      3.09529e-06
         6.61662     -2.27621e-06
         6.63607     -7.44856e-06
         6.65552     -1.24277e-05
         6.67498     -1.72196e-05
         6.69443     -2.18303e-05
         6.71388     -2.62657e-05
         6.73333     -3.05317e-05
         6.75279     -3.46344e-05
         6.77224     -3.85792e-05
         6.79169     -4.23704e-05
         6.81114     -4.60122e-05
          6.8306     -4.95086e-05
         6.85005     -5.28638e-05
          6.8695     -5.60819e-05
         6.88895      -5.9167e-05
         6.90841     -6.21232e-05
         6.92786     -6.49546e-05
         6.94731     -6.76653e-05
         6.96676     -7.02595e-05
         6.98622     -7.27413e-05
         7.00567     -7.51147e-05
         7.02512     -7.73834e-05
         7.04457     -7.95504e-05
         7.06403     -8.16184e-05
         7.08348     -8.35903e-05
         7.10293     -8.54688e-05
         7.12239     -8.72569e-05
         7.14184     -8.89573e-05
         7.16129     -9.05728e-05
         7.18074     -9.21063e-05
          7.2002     -9.35605e-05
         7.21965     -9.49384e-05
          7.2391     -9.62426e-05
         7.25855     -9.74761e-05
         7.27801     -9.86412e-05
         7.29746       -9.974e-05
         7.31691     -0.000100774
         7.33636     -0.000101746
         7.35582     -0.000102657
         7.37527     -0.000103509
         7.39472     -0.000104305
         7.41417     -0.000105045
         7.43363     -0.000105733
         7.45308      -0.00010637
         7.47253     -0.000106957
         7.49198     -0.000107498
         7.51144     -0.000107993
         7.53089     -0.000108444
         7.55034     -0.000108853
         7.56979     -0.000109221
         7.58925     -0.000109549
          7.6087     -0.000109839
         7.62815     -0.000110091
         7.64761     -0.000110308
         7.66706      -0.00011049
         7.68651     -0.000110639
         7.70596     -0.000110755
         7.72542     -0.000110841
         7.74487     -0.000110898
         7.76432     -0.000110926
         7.78377     -0.000110928
         7.80323     -0.000110903
         7.82268     -0.000110852
         7.84213     -0.000110778
         7.86158     -0.000110679
         7.88104     -0.000110558
         7.90049     -0.000110415
         7.91994     -0.000110251
         7.93939     -0.000110067
         7.95885     -0.000109864
          7.9783     -0.000109642
         7.99775     -0.000109403
          8.0172     -0.000109147
         8.03666     -0.000108875
         8.05611     -0.000108588
         8.07556     -0.000108285
         8.09501     -0.000107969
         8.11447     -0.000107639
         8.13392     -0.000107295
         8.15337      -0.00010694
         8.17283     -0.000106572
         8.19228     -0.000106193
         8.21173     -0.000105803
         8.23118     -0.000105402
         8.25064     -0.000104992
         8.27009     -0.000104573
         8.28954     -0.000104146
         8.30899      -0.00010371
         8.32845     -0.000103266
          8.3479     -0.000102814
         8.36735     -0.000102355
          8.3868      -0.00010189
         8.40626     -0.000101418
         8.42571      -0.00010094
         8.44516     -0.000100456
         8.46461     -9.99668e-05
         8.48407     -9.94728e-05
         8.50352     -9.89742e-05
         8.52297     -9.84714e-05
         8.54242     -9.79647e-05
         8.56188     -9.74542e-05
         8.58133     -9.69403e-05
         8.60078     -9.64231e-05
         8.62023     -9.59029e-05
         8.63969       -9.538e-05
         8.65914     -9.48545e-05
         8.67859     -9.43268e-05
         8.69804     -9.37971e-05
          8.7175     -9.32655e-05
         8.73695     -9.27325e-05
          8.7564     -9.21981e-05
         8.77586     -9.16626e-05
         8.79531     -9.11261e-05
         8.81476     -9.05889e-05
         8.83421      -9.0051e-05
         8.85367     -8.95126e-05
         8.87312     -8.89739e-05
         8.89257      -8.8435e-05
         8.91202      -8.7896e-05
         8.93148     -8.73571e-05
         8.95093     -8.68184e-05
         8.97038     -8.62802e-05
         8.98983     -8.57425e-05
         9.00929     -8.52054e-05
         9.02874     -8.46692e-05
         9.04819     -8.41339e-05
         9.06764     -8.35996e-05
          9.0871     -8.30663e-05
         9.10655     -8.25343e-05
           9.126     -8.20034e-05
         9.14545     -8.14739e-05
         9.16491     -8.09459e-05
         9.18436     -8.04193e-05
         9.20381     -7.98944e-05
         9.22326     -7.93711e-05
         9.24272     -7.88496e-05
         9.26217       -7.833e-05
         9.28162     -7.78124e-05
         9.30108     -7.72967e-05
         9.32053      -7.6783e-05
         9.33998     -7.62714e-05
         9.35943     -7.57619e-05
         9.37889     -7.52546e-05
         9.39834     -7.47495e-05
         9.41779     -7.42466e-05
         9.43724     -7.37461e-05
          9.4567     -7.32479e-05
         9.47615     -7.27521e-05
          9.4956     -7.22588e-05
         9.51505      -7.1768e-05
         9.53451     -7.12797e-05
         9.55396     -7.07939e-05
         9.57341     -7.03107e-05
         9.59286     -6.98301e-05
         9.61232     -6.93521e-05
         9.63177     -6.88768e-05
         9.65122     -6.84041e-05
         9.67067      -6.7934e-05
         9.69013     -6.74667e-05
         9.70958     -6.70021e-05
         9.72903     -6.65402e-05
         9.74848      -6.6081e-05
         9.76794     -6.56247e-05
         9.78739     -6.51711e-05
         9.80684     -6.47203e-05
          9.8263     -6.42723e-05
         9.84575     -6.38272e-05
          9.8652     -6.33848e-05
         9.88465     -6.29452e-05
         9.90411     -6.25084e-05
         9.92356     -6.20745e-05
         9.94301     -6.16434e-05
         9.96246     -6.12151e-05
         9.98192     -6.07896e-05
         10.0014      -6.0367e-05
         10.0208     -5.99472e-05
         10.0403     -5.95302e-05
         10.0597     -5.91161e-05
         10.0792     -5.87048e-05
         10.0986     -5.82963e-05
         10.1181     -5.78907e-05
         10.1375     -5.74878e-05
          10.157     -5.70877e-05
         10.1764     -5.66905e-05
         10.1959      -5.6296e-05
         10.2153     -5.59044e-05
         10.2348     -5.55155e-05
         10.2543     -5.51293e-05
         10.2737      -5.4746e-05
         10.2932     -5.43654e-05
         10.3126     -5.39875e-05
         10.3321     -5.36124e-05
         10.3515       -5.324e-05
          10.371     -5.28703e-05
         10.3904     -5.25034e-05
         10.4099     -5.21391e-05
         10.4293     -5.17775e-05
         10.4488     -5.14185e-05
         10.4682     -5.10622e-05
         10.4877     -5.07086e-05
         10.5071     -5.03575e-05
         10.5266     -5.00091e-05
          10.546     -4.96633e-05
         10.5655     -4.93201e-05
         10.5849     -4.89795e-05
         10.6044     -4.86414e-05
         10.6239     -4.83059e-05
         10.6433     -4.79729e-05
         10.6628     -4.76424e-05
         10.6822     -4.73145e-05
         10.7017      -4.6989e-05
         10.7211      -4.6666e-05
         10.7406     -4.63455e-05
           10.76     -4.60274e-05
         10.7795     -4.57117e-05
         10.7989     -4.53985e-05
         10.8184     -4.50876e-05
         10.8378     -4.47792e-05
         10.8573     -4.44731e-05
         10.8767     -4.41693e-05
         10.8962     -4.38679e-05
         10.9156     -4.35689e-05
         10.9351     -4.32721e-05
         10.9545     -4.29776e-05
          10.974     -4.26854e-05
         10.9935     -4.23955e-05
         11.0129     -4.21078e-05
         11.0324     -4.18224e-05
         11.0518     -4.15391e-05
         11.0713     -4.12581e-05
         11.0907     -4.09792e-05
         11.1102     -4.07025e-05
         11.1296      -4.0428e-05
         11.1491     -4.01556e-05
         11.1685     -3.98853e-05
          11.188     -3.96171e-05
         11.2074      -3.9351e-05
         11.2269      -3.9087e-05
         11.2463      -3.8825e-05
         11.2658     -3.85651e-05
         11.2852     -3.83072e-05
         11.3047     -3.80513e-05
         11.3241     -3.77974e-05
         11.3436     -3.75455e-05
          11.363     -3.72955e-05
         11.3825     -3.70475e-05
          11.402     -3.68014e-05
         11.4214     -3.65573e-05
         11.4409      -3.6315e-05
         11.4603     -3.60747e-05
         11.4798     -3.58362e-05
         11.4992     -3.55996e-05
         11.5187     -3.53648e-05
         11.5381     -3.51318e-05
         11.5576     -3.49007e-05
          11.577     -3.46714e-05
         11.5965     -3.44438e-05
         11.6159     -3.42181e-05
         11.6354     -3.39941e-05
         11.6548     -3.37718e-05
         11.6743     -3.35513e-05
         11.6937     -3.33324e-05
         11.7132     -3.31153e-05
         11.7326     -3.28999e-05
         11.7521     -3.26861e-05
         11.7716      -3.2474e-05
          11.791     -3.22635e-05
         11.8105     -3.20546e-05
         11.8299     -3.18474e-05
         11.8494     -3.16418e-05
         11.8688     -3.14378e-05
         11.8883     -3.12353e-05
         11.9077     -3.10344e-05
         11.9272     -3.08351e-05
         11.9466     -3.06373e-05
         11.9661      -3.0441e-05
         11.9855     -3.02463e-05
          12.005      -3.0053e-05
         12.0244     -2.98613e-05
         12.0439      -2.9671e-05
         12.0633     -2.94821e-05
         12.0828     -2.92948e-05
         12.1022     -2.91089e-05
         12.1217     -2.89244e-05
         12.1412     -2.87413e-05
         12.1606     -2.85596e-05
         12.1801     -2.83793e-05
         12.1995     -2.82004e-05
          12.219     -2.80229e-05
         12.2384     -2.78467e-05
         12.2579     -2.76718e-05
         12.2773     -2.74983e-05
         12.2968     -2.73261e-05
         12.3162     -2.71553e-05
         12.3357     -2.69857e-05
         12.3551     -2.68174e-05
         12.3746     -2.66504e-05
          12.394     -2.64847e-05
         12.4135     -2.63202e-05
         12.4329     -2.61569e-05
         12.4524     -2.59949e-05
         12.4718     -2.58341e-05
         12.4913     -2.56746e-05
         12.5108     -2.55162e-05
         12.5302      -2.5359e-05
         12.5497      -2.5203e-05
         12.5691     -2.50482e-05
         12.5886     -2.48946e-05
          12.608     -2.47421e-05
         12.6275     -2.45907e-05
         12.6469     -2.44405e-05
         12.6664     -2.42914e-05
         12.6858     -2.41434e-05
         12.7053     -2.39965e-05
         12.7247     -2.38508e-05
         12.7442     -2.37061e-05
         12.7636     -2.35624e-05
         12.7831     -2.34199e-05
         12.8025     -2.32784e-05
          12.822     -2.31379e-05
         12.8414     -2.29985e-05
         12.8609     -2.28602e-05
         12.8804     -2.27228e-05
         12.8998     -2.25865e-05
         12.9193     -2.24511e-05
         12.9387     -2.23168e-05
         12.9582     -2.21835e-05
         12.9776     -2.20511e-05
         12.9971     -2.19197e-05
         13.0165     -2.17893e-05
          13.036     -2.16598e-05
         13.0554     -2.15313e-05
         13.0749     -2.14037e-05
         13.0943     -2.12771e-05
         13.1138     -2.11513e-05
         13.1332     -2.10265e-05
         13.1527     -2.09026e-05
         13.1721     -2.07796e-05
         13.1916     -2.06575e-05
          13.211     -2.05363e-05
         13.2305      -2.0416e-05
           13.25     -2.02965e-05
         13.2694     -2.01779e-05
         13.2889     -2.00601e-05
         13.3083     -1.99432e-05
         13.3278     -1.98272e-05
         13.3472     -1.97119e-05
         13.3667     -1.95976e-05
         13.3861      -1.9484e-05
         13.4056     -1.93712e-05
          13.425     -1.92593e-05
         13.4445     -1.91481e-05
         13.4639     -1.90378e-05
         13.4834     -1.89282e-05
         13.5028     -1.88194e-05
         13.5223     -1.87114e-05
         13.5417     -1.86041e-05
         13.5612     -1.84976e-05
         13.5806     -1.83919e-05
         13.6001     -1.82869e-05
         13.6196     -1.81827e-05
          13.639     -1.80792e-05
         13.6585     -1.79764e-05
         13.6779     -1.78744e-05
         13.6974      -1.7773e-05
         13.7168     -1.76724e-05
         13.7363     -1.75725e-05
         13.7557     -1.74733e-05
         13.7752     -1.73748e-05
         13.7946      -1.7277e-05
         13.8141     -1.71798e-05
         13.8335     -1.70833e-05
          13.853     -1.69875e-05
         13.8724     -1.68924e-05
         13.8919     -1.67979e-05
         13.9113     -1.67041e-05
         13.9308      -1.6611e-05
         13.9502     -1.65184e-05
         13.9697     -1.64266e-05
         13.9891     -1.63353e-05
         14.0086     -1.62447e-05
         14.0281     -1.61547e-05
         14.0475     -1.60654e-05
          14.067     -1.59766e-05
         14.0864     -1.58885e-05
         14.1059     -1.58009e-05
         14.1253      -1.5714e-05
         14.1448     -1.56277e-05
         14.1642     -1.55419e-05
         14.1837     -1.54567e-05
         14.2031     -1.53722e-05
         14.2226     -1.52881e-05
          14.242     -1.52047e-05
         14.2615     -1.51218e-05
         14.2809     -1.50395e-05
         14.3004     -1.49578e-05
         14.3198     -1.48766e-05
         14.3393     -1.47959e-05
         14.3587     -1.47158e-05
         14.3782     -1.46362e-05
         14.3977     -1.45572e-05
         14.4171     -1.44787e-05
         14.4366     -1.44007e-05
          14.456     -1.43233e-05
         14.4755     -1.42463e-05
         14.4949     -1.41699e-05
         14.5144      -1.4094e-05
         14.5338     -1.40186e-05
         14.5533     -1.39436e-05
         14.5727     -1.38692e-05
         14.5922     -1.37953e-05
         14.6116     -1.37219e-05
         14.6311     -1.36489e-05
         14.6505     -1.35765e-05
           14.67     -1.35045e-05
         14.6894      -1.3433e-05
         14.7089      -1.3362e-05
         14.7283     -1.32914e-05
         14.7478     -1.32213e-05
         14.7673     -1.31517e-05
         14.7867     -1.30825e-05
         14.8062     -1.30138e-05
         14.8256     -1.29455e-05
         14.8451     -1.28777e-05
         14.8645     -1.28103e-05
          14.884     -1.27433e-05
         14.9034     -1.26768e-05
         14.9229     -1.26108e-05
         14.9423     -1.25451e-05
         14.9618     -1.24799e-05
         14.9812     -1.24151e-05
         15.0007     -1.23507e-05
         15.0201     -1.22868e-05
         15.0396     -1.22232e-05
          15.059     -1.21601e-05
         15.0785     -1.20974e-05
         15.0979      -1.2035e-05
         15.1174     -1.19731e-05
         15.1369     -1.19116e-05
         15.1563     -1.18504e-05
         15.1758     -1.17897e-05
         15.1952     -1.17293e-05
         15.2147     -1.16694e-05
         15.2341     -1.16098e-05
         15.2536     -1.15506e-05
          15.273     -1.14917e-05
         15.2925     -1.14333e-05
         15.3119     -1.13752e-05
         15.3314     -1.13175e-05
         15.3508     -1.12601e-05
         15.3703     -1.12031e-05
         15.3897     -1.11465e-05
         15.4092     -1.10902e-05
         15.4286     -1.10343e-05
         15.4481     -1.09787e-05
         15.4675     -1.09235e-05
          15.487     -1.08686e-05
         15.5065     -1.08141e-05
         15.5259     -1.07599e-05
         15.5454      -1.0706e-05
         15.5648     -1.06525e-05
         15.5843     -1.05993e-05
         15.6037     -1.05465e-05
         15.6232     -1.04939e-05
         15.6426     -1.04418e-05
         15.6621     -1.03899e-05
         15.6815     -1.03383e-05
          15.701     -1.02871e-05
         15.7204     -1.02362e-05
         15.7399     -1.01856e-05
         15.7593     -1.01353e-05
         15.7788     -1.00853e-05
         15.7982     -1.00357e-05
         15.8177     -9.98628e-06
         15.8371     -9.93721e-06
         15.8566     -9.88845e-06
         15.8761     -9.83998e-06
         15.8955     -9.79181e-06
          15.915     -9.74393e-06
         15.9344     -9.69635e-06
         15.9539     -9.64906e-06
         15.9733     -9.60205e-06
         15.9928     -9.55533e-06
         16.0122      -9.5089e-06
         16.0317     -9.46274e-06
         16.0511     -9.41687e-06
         16.0706     -9.37128e-06
           16.09     -9.32596e-06
         16.1095     -9.28091e-06
         16.1289     -9.23614e-06
         16.1484     -9.19164e-06
         16.1678      -9.1474e-06
         16.1873     -9.10343e-06
         16.2067     -9.05973e-06
         16.2262     -9.01628e-06
         16.2457      -8.9731e-06
         16.2651     -8.93018e-06
         16.2846     -8.88751e-06
          16.304     -8.84509e-06
         16.3235     -8.80293e-06
         16.3429     -8.76101e-06
         16.3624     -8.71935e-06
         16.3818     -8.67793e-06
         16.4013     -8.63676e-06
         16.4207     -8.59584e-06
         16.4402     -8.55515e-06
         16.4596     -8.51471e-06
         16.4791      -8.4745e-06
         16.4985     -8.43453e-06
          16.518      -8.3948e-06
         16.5374      -8.3553e-06
         16.5569     -8.31603e-06
         16.5763       -8.277e-06
         16.5958     -8.23819e-06
         16.6152     -8.19961e-06
         16.6347     -8.16126e-06
         16.6542     -8.12313e-06
         16.6736     -8.08522e-06
         16.6931     -8.04753e-06
         16.7125     -8.01006e-06
          16.732     -7.97281e-06
         16.7514     -7.93578e-06
         16.7709     -7.89896e-06
         16.7903     -7.86235e-06
         16.8098     -7.82596e-06
         16.8292     -7.78977e-06
         16.8487      -7.7538e-06
         16.8681     -7.71803e-06
         16.8876     -7.68247e-06
          16.907     -7.64711e-06
         16.9265     -7.61195e-06
         16.9459       -7.577e-06
         16.9654     -7.54225e-06
         16.9848      -7.5077e-06
         17.0043     -7.47334e-06
         17.0238     -7.43918e-06
         17.0432     -7.40522e-06
         17.0627     -7.37145e-06
         17.0821     -7.33787e-06
         17.1016     -7.30448e-06
          17.121     -7.27129e-06
         17.1405     -7.23828e-06
         17.1599     -7.20546e-06
         17.1794     -7.17282e-06
         17.1988     -7.14037e-06
         17.2183     -7.10811e-06
         17.2377     -7.07602e-06
         17.2572     -7.04412e-06
         17.2766     -7.01239e-06
         17.2961     -6.98085e-06
         17.3155     -6.94948e-06
          17.335     -6.91828e-06
         17.3544     -6.88726e-06
         17.3739     -6.85642e-06
         17.3934     -6.82575e-06
         17.4128     -6.79524e-06
         17.4323     -6.76491e-06
         17.4517     -6.73475e-06
         17.4712     -6.70476e-06
         17.4906     -6.67493e-06
         17.5101     -6.64527e-06
         17.5295     -6.61577e-06
          17.549     -6.58644e-06
         17.5684     -6.55727e-06
         17.5879     -6.52826e-06
         17.6073     -6.49941e-06
         17.6268     -6.47072e-06
         17.6462     -6.44218e-06
         17.6657     -6.41381e-06
         17.6851     -6.38559e-06
         17.7046     -6.35753e-06
          17.724     -6.32962e-06
         17.7435     -6.30186e-06
          17.763     -6.27426e-06
         17.7824      -6.2468e-06
         17.8019      -6.2195e-06
         17.8213     -6.19234e-06
         17.8408     -6.16534e-06
         17.8602     -6.13848e-06
         17.8797     -6.11177e-06
         17.8991      -6.0852e-06
         17.9186     -6.05877e-06
          17.938     -6.03249e-06
         17.9575     -6.00635e-06
         17.9769     -5.98036e-06
         17.9964      -5.9545e-06
         18.0158     -5.92879e-06
         18.0353     -5.90321e-06
         18.0547     -5.87777e-06
         18.0742     -5.85246e-06
         18.0936      -5.8273e-06
         18.1131     -5.80226e-06
         18.1326     -5.77737e-06
          18.152      -5.7526e-06
         18.1715     -5.72797e-06
         18.1909     -5.70347e-06
         18.2104      -5.6791e-06
         18.2298     -5.65487e-06
         18.2493     -5.63076e-06
         18.2687     -5.60678e-06
         18.2882     -5.58292e-06
         18.3076      -5.5592e-06
         18.3271     -5.53559e-06
         18.3465     -5.51212e-06
          18.366     -5.48877e-06
         18.3854     -5.46554e-06
         18.4049     -5.44244e-06
         18.4243     -5.41945e-06
         18.4438     -5.39659e-06
         18.4632     -5.37385e-06
         18.4827     -5.35123e-06
         18.5022     -5.32873e-06
         18.5216     -5.30634e-06
         18.5411     -5.28408e-06
         18.5605     -5.26193e-06
           18.58     -5.23989e-06
         18.5994     -5.21797e-06
         18.6189     -5.19617e-06
         18.6383     -5.17448e-06
         18.6578      -5.1529e-06
         18.6772     -5.13143e-06
         18.6967     -5.11008e-06
         18.7161     -5.08884e-06
         18.7356      -5.0677e-06
          18.755     -5.04668e-06
         18.7745     -5.02577e-06
         18.7939     -5.00496e-06
         18.8134     -4.98426e-06
         18.8328     -4.96367e-06
         18.8523     -4.94318e-06
         18.8717      -4.9228e-06
         18.8912     -4.90253e-06
         18.9107     -4.88236e-06
         18.9301     -4.86229e-06
         18.9496     -4.84233e-06
          18.969     -4.82247e-06
         18.9885     -4.80271e-06
         19.0079     -4.78305e-06
         19.0274     -4.76349e-06
         19.0468     -4.74404e-06
         19.0663     -4.72468e-06
         19.0857     -4.70542e-06
         19.1052     -4.68626e-06
         19.1246     -4.66719e-06
         19.1441     -4.64823e-06
         19.1635     -4.62936e-06
          19.183     -4.61058e-06
         19.2024      -4.5919e-06
         19.2219     -4.57332e-06
         19.2413     -4.55482e-06
         19.2608     -4.53643e-06
         19.2803     -4.51812e-06
         19.2997     -4.49991e-06
         19.3192     -4.48178e-06
         19.3386     -4.46375e-06
         19.3581     -4.44581e-06
         19.3775     -4.42796e-06
          19.397      -4.4102e-06
         19.4164     -4.39253e-06
         19.4359     -4.37494e-06
         19.4553     -4.35745e-06
         19.4748     -4.34004e-06
         19.4942     -4.32272e-06
         19.5137     -4.30548e-06
         19.5331     -4.28834e-06
         19.5526     -4.27127e-06
          19.572     -4.25429e-06
         19.5915      -4.2374e-06
         19.6109     -4.22059e-06
         19.6304     -4.20386e-06
         19.6499     -4.18722e-06
         19.6693     -4.17066e-06
         19.6888     -4.15418e-06
         19.7082     -4.13778e-06
         19.7277     -4.12147e-06
         19.7471     -4.10523e-06
         19.7666     -4.08907e-06
          19.786       -4.073e-06
         19.8055       -4.057e-06
         19.8249     -4.04108e-06
         19.8444     -4.02524e-06
         19.8638     -4.00947e-06
         19.8833     -3.99378e-06
         19.9027     -3.97817e-06
         19.9222     -3.96264e-06
         19.9416     -3.94718e-06
         19.9611     -3.93179e-06
         19.9805     -3.91648e-06
              20     -3.90124e-06
