5 0.00251515
5.012213 0.0025240245
5.024426 0.0025316208
5.036639 0.0025380068
5.048852 0.0025432465
5.061065 0.002547401
5.073278 0.0025505282
5.085491 0.0025526829
5.097704 0.0025539172
5.109917 0.0025542807
5.1221299 0.0025538202
5.1343429 0.0025525804
5.1465559 0.0025506035
5.1587689 0.0025479297
5.1709819 0.0025445972
5.1831949 0.002540642
5.1954079 0.0025360986
5.2076209 0.0025309994
5.2198339 0.0025253756
5.2320469 0.0025192564
5.2442599 0.0025126697
5.2564729 0.002505642
5.2686859 0.0024981985
5.2808989 0.0024903629
5.2931119 0.002482158
5.3053249 0.0024736052
5.3175379 0.002464725
5.3297509 0.0024555367
5.3419638 0.0024460587
5.3541768 0.0024363086
5.3663898 0.0024263029
5.3786028 0.0024160573
5.3908158 0.0024055869
5.4030288 0.0023949058
5.4152418 0.0023840275
5.4274548 0.0023729649
5.4396678 0.00236173
5.4518808 0.0023503345
5.4640938 0.0023387893
5.4763068 0.0023271048
5.4885198 0.002315291
5.5007328 0.0023033572
5.5129458 0.0022913124
5.5251588 0.0022791651
5.5373718 0.0022669233
5.5495848 0.0022545946
5.5617978 0.0022421864
5.5740107 0.0022297056
5.5862237 0.0022171587
5.5984367 0.002204552
5.6106497 0.0021918913
5.6228627 0.0021791824
5.6350757 0.0021664306
5.6472887 0.002153641
5.6595017 0.0021408184
5.6717147 0.0021279674
5.6839277 0.0021150924
5.6961407 0.0021021975
5.7083537 0.0020892867
5.7205667 0.0020763637
5.7327797 0.0020634322
5.7449927 0.0020504955
5.7572057 0.0020375568
5.7694187 0.0020246192
5.7816317 0.0020116856
5.7938447 0.0019987588
5.8060576 0.0019858415
5.8182706 0.0019729361
5.8304836 0.0019600451
5.8426966 0.0019471707
5.8549096 0.001934315
5.8671226 0.0019214802
5.8793356 0.0019086682
5.8915486 0.0018958808
5.9037616 0.0018831198
5.9159746 0.001870387
5.9281876 0.0018576838
5.9404006 0.0018450119
5.9526136 0.0018323726
5.9648266 0.0018197675
5.9770396 0.0018071977
5.9892526 0.0017946645
6.0014656 0.0017821691
6.0136786 0.0017697127
6.0258915 0.0017572963
6.0381045 0.001744921
6.0503175 0.0017325877
6.0625305 0.0017202973
6.0747435 0.0017080507
6.0869565 0.0016958488
6.0991695 0.0016836924
6.1113825 0.0016715821
6.1235955 0.0016595188
6.1358085 0.0016475031
6.1480215 0.0016355357
6.1602345 0.0016236171
6.1724475 0.001611748
6.1846605 0.0015999289
6.1968735 0.0015881603
6.2090865 0.0015764428
6.2212995 0.0015647768
6.2335125 0.0015531627
6.2457255 0.001541601
6.2579384 0.0015300921
6.2701514 0.0015186363
6.2823644 0.001507234
6.2945774 0.0014958856
6.3067904 0.0014845913
6.3190034 0.0014733515
6.3312164 0.0014621665
6.3434294 0.0014510364
6.3556424 0.0014399615
6.3678554 0.0014289422
6.3800684 0.0014179785
6.3922814 0.0014070707
6.4044944 0.001396219
6.4167074 0.0013854235
6.4289204 0.0013746845
6.4411334 0.001364002
6.4533464 0.0013533762
6.4655594 0.0013428072
6.4777723 0.0013322951
6.4899853 0.00132184
6.5021983 0.0013114421
6.5144113 0.0013011013
6.5266243 0.0012908178
6.5388373 0.0012805916
6.5510503 0.0012704228
6.5632633 0.0012603114
6.5754763 0.0012502574
6.5876893 0.001240261
6.5999023 0.0012303219
6.6121153 0.0012204404
6.6243283 0.0012106164
6.6365413 0.0012008499
6.6487543 0.0011911408
6.6609673 0.0011814892
6.6731803 0.001171895
6.6853933 0.0011623582
6.6976063 0.0011528788
6.7098192 0.0011434566
6.7220322 0.0011340917
6.7342452 0.001124784
6.7464582 0.0011155334
6.7586712 0.0011063399
6.7708842 0.0010972033
6.7830972 0.0010881236
6.7953102 0.0010791008
6.8075232 0.0010701347
6.8197362 0.0010612251
6.8319492 0.0010523722
6.8441622 0.0010435756
6.8563752 0.0010348353
6.8685882 0.0010261513
6.8808012 0.0010175233
6.8930142 0.0010089512
6.9052272 0.001000435
6.9174402 0.00099197444
6.9296532 0.00098356946
6.9418661 0.00097521991
6.9540791 0.00096692563
6.9662921 0.00095868648
6.9785051 0.00095050231
6.9907181 0.00094237298
7.0029311 0.00093429831
7.0151441 0.00092627816
7.0273571 0.00091831236
7.0395701 0.00091040075
7.0517831 0.00090254316
7.0639961 0.00089473942
7.0762091 0.00088698935
7.0884221 0.00087929277
7.1006351 0.00087164951
7.1128481 0.00086405939
7.1250611 0.00085652222
7.1372741 0.00084903781
7.1494871 0.00084160598
7.1617 0.00083422653
7.173913 0.00082689927
7.186126 0.000819624
7.198339 0.00081240052
7.210552 0.00080522864
7.222765 0.00079810816
7.234978 0.00079103886
7.247191 0.00078402054
7.259404 0.00077705299
7.271617 0.00077013601
7.28383 0.00076326939
7.296043 0.0007564529
7.308256 0.00074968634
7.320469 0.00074296948
7.332682 0.00073630212
7.344895 0.00072968403
7.357108 0.00072311499
7.369321 0.00071659478
7.381534 0.00071012318
7.3937469 0.00070369996
7.4059599 0.00069732489
7.4181729 0.00069099776
7.4303859 0.00068471833
7.4425989 0.00067848637
7.4548119 0.00067230165
7.4670249 0.00066616395
7.4792379 0.00066007303
7.4914509 0.00065402866
7.5036639 0.0006480306
7.5158769 0.00064207862
7.5280899 0.00063617249
7.5403029 0.00063031197
7.5525159 0.00062449682
7.5647289 0.00061872681
7.5769419 0.00061300171
7.5891549 0.00060732126
7.6013679 0.00060168523
7.6135809 0.00059609339
7.6257938 0.0005905455
7.6380068 0.0005850413
7.6502198 0.00057958058
7.6624328 0.00057416307
7.6746458 0.00056878855
7.6868588 0.00056345678
7.6990718 0.0005581675
7.7112848 0.00055292048
7.7234978 0.00054771548
7.7357108 0.00054255226
7.7479238 0.00053743057
7.7601368 0.00053235017
7.7723498 0.00052731082
7.7845628 0.00052231228
7.7967758 0.00051735431
7.8089888 0.00051243666
7.8212018 0.00050755909
7.8334148 0.00050272136
7.8456277 0.00049792323
7.8578407 0.00049316446
7.8700537 0.00048844481
7.8822667 0.00048376403
7.8944797 0.00047912188
7.9066927 0.00047451813
7.9189057 0.00046995253
7.9311187 0.00046542484
7.9433317 0.00046093483
7.9555447 0.00045648225
7.9677577 0.00045206687
7.9799707 0.00044768844
7.9921837 0.00044334673
8.0043967 0.0004390415
8.0166097 0.00043477252
8.0288227 0.00043053954
8.0410357 0.00042634233
8.0532487 0.00042218066
8.0654617 0.00041805428
8.0776746 0.00041396297
8.0898876 0.0004099065
8.1021006 0.00040588461
8.1143136 0.0004018971
8.1265266 0.00039794371
8.1387396 0.00039402422
8.1509526 0.0003901384
8.1631656 0.00038628603
8.1753786 0.00038246686
8.1875916 0.00037868066
8.1998046 0.00037492723
8.2120176 0.00037120631
8.2242306 0.00036751769
8.2364436 0.00036386114
8.2486566 0.00036023644
8.2608696 0.00035664336
8.2730826 0.00035308168
8.2852956 0.00034955117
8.2975085 0.00034605161
8.3097215 0.00034258279
8.3219345 0.00033914447
8.3341475 0.00033573645
8.3463605 0.00033235849
8.3585735 0.00032901039
8.3707865 0.00032569193
8.3829995 0.00032240289
8.3952125 0.00031914305
8.4074255 0.00031591221
8.4196385 0.00031271014
8.4318515 0.00030953664
8.4440645 0.00030639149
8.4562775 0.00030327448
8.4684905 0.00030018541
8.4807035 0.00029712406
8.4929165 0.00029409022
8.5051295 0.0002910837
8.5173425 0.00028810428
8.5295554 0.00028515175
8.5417684 0.00028222592
8.5539814 0.00027932658
8.5661944 0.00027645353
8.5784074 0.00027360657
8.5906204 0.0002707855
8.6028334 0.00026799011
8.6150464 0.00026522022
8.6272594 0.00026247562
8.6394724 0.00025975612
8.6516854 0.00025706152
8.6638984 0.00025439163
8.6761114 0.00025174625
8.6883244 0.0002491252
8.7005374 0.00024652828
8.7127504 0.0002439553
8.7249634 0.00024140608
8.7371764 0.00023888043
8.7493894 0.00023637815
8.7616023 0.00023389907
8.7738153 0.000231443
8.7860283 0.00022900975
8.7982413 0.00022659915
8.8104543 0.00022421101
8.8226673 0.00022184515
8.8348803 0.00021950139
8.8470933 0.00021717955
8.8593063 0.00021487946
8.8715193 0.00021260094
8.8837323 0.00021034381
8.8959453 0.00020810791
8.9081583 0.00020589305
8.9203713 0.00020369906
8.9325843 0.00020152578
8.9447973 0.00019937303
8.9570103 0.00019724065
8.9692233 0.00019512846
8.9814362 0.00019303631
8.9936492 0.00019096402
9.0058622 0.00018891142
9.0180752 0.00018687837
9.0302882 0.00018486468
9.0425012 0.00018287021
9.0547142 0.00018089479
9.0669272 0.00017893826
9.0791402 0.00017700047
9.0913532 0.00017508125
9.1035662 0.00017318044
9.1157792 0.00017129791
9.1279922 0.00016943348
9.1402052 0.000167587
9.1524182 0.00016575833
9.1646312 0.00016394732
9.1768442 0.0001621538
9.1890572 0.00016037764
9.2012702 0.00015861868
9.2134831 0.00015687678
9.2256961 0.00015515179
9.2379091 0.00015344356
9.2501221 0.00015175196
9.2623351 0.00015007684
9.2745481 0.00014841805
9.2867611 0.00014677546
9.2989741 0.00014514892
9.3111871 0.00014353829
9.3234001 0.00014194345
9.3356131 0.00014036424
9.3478261 0.00013880054
9.3600391 0.00013725221
9.3722521 0.00013571911
9.3844651 0.00013420111
9.3966781 0.00013269808
9.4088911 0.00013120988
9.4211041 0.00012973639
9.433317 0.00012827748
9.44553 0.00012683302
9.457743 0.00012540287
9.469956 0.00012398692
9.482169 0.00012258504
9.494382 0.0001211971
9.506595 0.00011982298
9.518808 0.00011846256
9.531021 0.00011711571
9.543234 0.00011578231
9.555447 0.00011446225
9.56766 0.0001131554
9.579873 0.00011186164
9.592086 0.00011058086
9.604299 0.00010931294
9.616512 0.00010805777
9.628725 0.00010681522
9.640938 0.0001055852
9.653151 0.00010436757
9.6653639 0.00010316224
9.6775769 0.00010196908
9.6897899 0.000100788
9.7020029 9.9618868e-05
9.7142159 9.8461591e-05
9.7264289 9.7316056e-05
9.7386419 9.6182157e-05
9.7508549 9.5059786e-05
9.7630679 9.3948839e-05
9.7752809 9.2849211e-05
9.7874939 9.1760798e-05
9.7997069 9.0683498e-05
9.8119199 8.9617207e-05
9.8241329 8.8561826e-05
9.8363459 8.7517252e-05
9.8485589 8.6483388e-05
9.8607719 8.5460133e-05
9.8729849 8.4447389e-05
9.8851979 8.344506e-05
9.8974108 8.2453049e-05
9.9096238 8.147126e-05
9.9218368 8.0499597e-05
9.9340498 7.9537968e-05
9.9462628 7.8586278e-05
9.9584758 7.7644435e-05
9.9706888 7.6712347e-05
9.9829018 7.5789922e-05
9.9951148 7.4877071e-05
10.007328 7.3973703e-05
10.019541 7.307973e-05
10.031754 7.2195064e-05
10.043967 7.1319616e-05
10.05618 7.0453301e-05
10.068393 6.9596032e-05
10.080606 6.8747724e-05
10.092819 6.7908293e-05
10.105032 6.7077654e-05
10.117245 6.6255724e-05
10.129458 6.5442421e-05
10.141671 6.4637663e-05
10.153884 6.384137e-05
10.166097 6.3053459e-05
10.17831 6.2273852e-05
10.190523 6.1502471e-05
10.202736 6.0739235e-05
10.214949 5.9984068e-05
10.227162 5.9236892e-05
10.239375 5.8497632e-05
10.251588 5.7766211e-05
10.263801 5.7042554e-05
10.276014 5.6326586e-05
10.288227 5.5618235e-05
10.30044 5.4917426e-05
10.312653 5.4224088e-05
10.324866 5.3538148e-05
10.337079 5.2859534e-05
10.349292 5.2188177e-05
10.361505 5.1524006e-05
10.373718 5.0866951e-05
10.385931 5.0216944e-05
10.398144 4.9573916e-05
10.410357 4.89378e-05
10.42257 4.8308529e-05
10.434783 4.7686035e-05
10.446996 4.7070254e-05
10.459209 4.646112e-05
10.471422 4.5858568e-05
10.483635 4.5262533e-05
10.495848 4.4672952e-05
10.508061 4.4089763e-05
10.520274 4.3512902e-05
10.532487 4.2942308e-05
10.5447 4.2377919e-05
10.556913 4.1819674e-05
10.569126 4.1267512e-05
10.581339 4.0721375e-05
10.593552 4.0181203e-05
10.605765 3.9646937e-05
10.617978 3.9118518e-05
10.630191 3.859589e-05
10.642404 3.8078994e-05
10.654617 3.7567775e-05
10.66683 3.7062176e-05
10.679043 3.6562141e-05
10.691255 3.6067616e-05
10.703468 3.5578545e-05
10.715681 3.5094874e-05
10.727894 3.461655e-05
10.740107 3.414352e-05
10.75232 3.367573e-05
10.764533 3.3213129e-05
10.776746 3.2755665e-05
10.788959 3.2303286e-05
10.801172 3.1855942e-05
10.813385 3.1413582e-05
10.825598 3.0976156e-05
10.837811 3.0543615e-05
10.850024 3.011591e-05
10.862237 2.9692992e-05
10.87445 2.9274814e-05
10.886663 2.8861327e-05
10.898876 2.8452485e-05
10.911089 2.804824e-05
10.923302 2.7648546e-05
10.935515 2.7253357e-05
10.947728 2.6862628e-05
10.959941 2.6476313e-05
10.972154 2.6094369e-05
10.984367 2.5716749e-05
10.99658 2.5343412e-05
11.008793 2.4974313e-05
11.021006 2.4609409e-05
11.033219 2.4248658e-05
11.045432 2.3892017e-05
11.057645 2.3539445e-05
11.069858 2.31909e-05
11.082071 2.284634e-05
11.094284 2.2505726e-05
11.106497 2.2169017e-05
11.11871 2.1836172e-05
11.130923 2.1507153e-05
11.143136 2.1181921e-05
11.155349 2.0860435e-05
11.167562 2.0542659e-05
11.179775 2.0228553e-05
11.191988 1.991808e-05
11.204201 1.9611203e-05
11.216414 1.9307885e-05
11.228627 1.9008088e-05
11.24084 1.8711777e-05
11.253053 1.8418916e-05
11.265266 1.8129468e-05
11.277479 1.78434e-05
11.289692 1.7560675e-05
11.301905 1.7281258e-05
11.314118 1.7005117e-05
11.326331 1.6732216e-05
11.338544 1.6462522e-05
11.350757 1.6196002e-05
11.36297 1.5932622e-05
11.375183 1.567235e-05
11.387396 1.5415154e-05
11.399609 1.5161001e-05
11.411822 1.490986e-05
11.424035 1.4661699e-05
11.436248 1.4416486e-05
11.448461 1.4174192e-05
11.460674 1.3934785e-05
11.472887 1.3698236e-05
11.4851 1.3464513e-05
11.497313 1.3233589e-05
11.509526 1.3005432e-05
11.521739 1.2780014e-05
11.533952 1.2557306e-05
11.546165 1.233728e-05
11.558378 1.2119906e-05
11.570591 1.1905158e-05
11.582804 1.1693008e-05
11.595017 1.1483427e-05
11.60723 1.1276389e-05
11.619443 1.1071866e-05
11.631656 1.0869833e-05
11.643869 1.0670262e-05
11.656082 1.0473128e-05
11.668295 1.0278404e-05
11.680508 1.0086065e-05
11.692721 9.8960859e-06
11.704934 9.7084407e-06
11.717147 9.5231048e-06
11.72936 9.3400535e-06
11.741573 9.1592625e-06
11.753786 8.9807075e-06
11.765999 8.8043646e-06
11.778212 8.6302101e-06
11.790425 8.4582204e-06
11.802638 8.2883723e-06
11.814851 8.1206428e-06
11.827064 7.9550091e-06
11.839277 7.7914486e-06
11.85149 7.6299389e-06
11.863703 7.4704579e-06
11.875916 7.3129837e-06
11.888129 7.1574947e-06
11.900342 7.0039692e-06
11.912555 6.8523862e-06
11.924768 6.7027244e-06
11.936981 6.554963e-06
11.949194 6.4090815e-06
11.961407 6.2650593e-06
11.97362 6.1228763e-06
11.985833 5.9825123e-06
11.998046 5.8439477e-06
12.010259 5.7071627e-06
12.022472 5.5721379e-06
12.034685 5.438854e-06
12.046898 5.3072921e-06
12.059111 5.1774332e-06
12.071324 5.0492587e-06
12.083537 4.9227501e-06
12.09575 4.7978891e-06
12.107963 4.6746575e-06
12.120176 4.5530376e-06
12.132389 4.4330114e-06
12.144602 4.3145614e-06
12.156815 4.1976703e-06
12.169028 4.0823208e-06
12.181241 3.9684958e-06
12.193454 3.8561786e-06
12.205667 3.7453523e-06
12.21788 3.6360004e-06
12.230093 3.5281067e-06
12.242306 3.4216548e-06
12.254519 3.3166287e-06
12.266732 3.2130126e-06
12.278945 3.1107908e-06
12.291158 3.0099476e-06
12.303371 2.9104677e-06
12.315584 2.8123359e-06
12.327797 2.715537e-06
12.34001 2.6200562e-06
12.352223 2.5258786e-06
12.364436 2.4329897e-06
12.376649 2.3413749e-06
12.388862 2.2510199e-06
12.401075 2.1619105e-06
12.413288 2.0740327e-06
12.425501 1.9873727e-06
12.437714 1.9019165e-06
12.449927 1.8176507e-06
12.46214 1.7345618e-06
12.474353 1.6526363e-06
12.486566 1.5718612e-06
12.498779 1.4922234e-06
12.510992 1.4137099e-06
12.523205 1.3363079e-06
12.535418 1.2600048e-06
12.547631 1.1847881e-06
12.559844 1.1106453e-06
12.572057 1.0375642e-06
12.58427 9.6553257e-07
12.596483 8.9453848e-07
12.608696 8.2457e-07
12.620909 7.5561535e-07
12.633122 6.8766289e-07
12.645335 6.2070108e-07
12.657548 5.5471851e-07
12.669761 4.8970389e-07
12.681974 4.2564605e-07
12.694187 3.6253393e-07
12.7064 3.0035658e-07
12.718613 2.3910318e-07
12.730826 1.7876301e-07
12.743039 1.1932547e-07
12.755252 6.0780058e-08
12.767465 3.1163978e-09
12.779678 -5.3675787e-08
12.791891 -1.0960666e-07
12.804104 -1.6468629e-07
12.816317 -2.1892463e-07
12.82853 -2.7233152e-07
12.840743 -3.2491672e-07
12.852956 -3.7668987e-07
12.865169 -4.2766052e-07
12.877382 -4.778381e-07
12.889595 -5.2723195e-07
12.901808 -5.7585133e-07
12.914021 -6.2370539e-07
12.926234 -6.7080316e-07
12.938447 -7.1715361e-07
12.95066 -7.6276559e-07
12.962872 -8.0764788e-07
12.975085 -8.5180915e-07
12.987298 -8.9525797e-07
12.999511 -9.3800284e-07
13.011724 -9.8005216e-07
13.023937 -1.0214142e-06
13.03615 -1.0620973e-06
13.048363 -1.1021095e-06
13.060576 -1.1414588e-06
13.072789 -1.1801533e-06
13.085002 -1.2182008e-06
13.097215 -1.2556091e-06
13.109428 -1.2923859e-06
13.121641 -1.3285388e-06
13.133854 -1.3640755e-06
13.146067 -1.3990033e-06
13.15828 -1.4333296e-06
13.170493 -1.4670618e-06
13.182706 -1.500207e-06
13.194919 -1.5327725e-06
13.207132 -1.5647652e-06
13.219345 -1.5961923e-06
13.231558 -1.6270606e-06
13.243771 -1.6573769e-06
13.255984 -1.6871481e-06
13.268197 -1.7163809e-06
13.28041 -1.7450818e-06
13.292623 -1.7732574e-06
13.304836 -1.8009142e-06
13.317049 -1.8280587e-06
13.329262 -1.8546971e-06
13.341475 -1.8808358e-06
13.353688 -1.906481e-06
13.365901 -1.9316387e-06
13.378114 -1.9563152e-06
13.390327 -1.9805163e-06
13.40254 -2.004248e-06
13.414753 -2.0275163e-06
13.426966 -2.0503269e-06
13.439179 -2.0726855e-06
13.451392 -2.094598e-06
13.463605 -2.1160698e-06
13.475818 -2.1371065e-06
13.488031 -2.1577138e-06
13.500244 -2.1778969e-06
13.512457 -2.1976613e-06
13.52467 -2.2170123e-06
13.536883 -2.2359552e-06
13.549096 -2.2544952e-06
13.561309 -2.2726374e-06
13.573522 -2.2903869e-06
13.585735 -2.3077489e-06
13.597948 -2.3247281e-06
13.610161 -2.3413297e-06
13.622374 -2.3575583e-06
13.634587 -2.373419e-06
13.6468 -2.3889164e-06
13.659013 -2.4040552e-06
13.671226 -2.4188402e-06
13.683439 -2.4332758e-06
13.695652 -2.4473668e-06
13.707865 -2.4611175e-06
13.720078 -2.4745325e-06
13.732291 -2.4876161e-06
13.744504 -2.5003727e-06
13.756717 -2.5128066e-06
13.76893 -2.5249221e-06
13.781143 -2.5367234e-06
13.793356 -2.5482147e-06
13.805569 -2.5594e-06
13.817782 -2.5702834e-06
13.829995 -2.5808691e-06
13.842208 -2.5911609e-06
13.854421 -2.6011628e-06
13.866634 -2.6108787e-06
13.878847 -2.6203124e-06
13.89106 -2.6294678e-06
13.903273 -2.6383486e-06
13.915486 -2.6469585e-06
13.927699 -2.6553013e-06
13.939912 -2.6633805e-06
13.952125 -2.6711997e-06
13.964338 -2.6787625e-06
13.976551 -2.6860725e-06
13.988764 -2.693133e-06
14.000977 -2.6999476e-06
14.01319 -2.7065196e-06
14.025403 -2.7128523e-06
14.037616 -2.7189492e-06
14.049829 -2.7248135e-06
14.062042 -2.7304483e-06
14.074255 -2.735857e-06
14.086468 -2.7410427e-06
14.098681 -2.7460086e-06
14.110894 -2.7507577e-06
14.123107 -2.755293e-06
14.13532 -2.7596177e-06
14.147533 -2.7637348e-06
14.159746 -2.7676471e-06
14.171959 -2.7713575e-06
14.184172 -2.7748691e-06
14.196385 -2.7781846e-06
14.208598 -2.7813069e-06
14.220811 -2.7842388e-06
14.233024 -2.786983e-06
14.245237 -2.7895422e-06
14.25745 -2.7919192e-06
14.269663 -2.7941165e-06
14.281876 -2.7961369e-06
14.294089 -2.797983e-06
14.306302 -2.7996572e-06
14.318515 -2.8011622e-06
14.330728 -2.8025005e-06
14.342941 -2.8036745e-06
14.355154 -2.8046867e-06
14.367367 -2.8055396e-06
14.37958 -2.8062354e-06
14.391793 -2.8067767e-06
14.404006 -2.8071657e-06
14.416219 -2.8074047e-06
14.428432 -2.807496e-06
14.440645 -2.807442e-06
14.452858 -2.8072447e-06
14.465071 -2.8069065e-06
14.477284 -2.8064294e-06
14.489497 -2.8058158e-06
14.50171 -2.8050676e-06
14.513923 -2.804187e-06
14.526136 -2.803176e-06
14.538349 -2.8020368e-06
14.550562 -2.8007713e-06
14.562775 -2.7993815e-06
14.574988 -2.7978695e-06
14.587201 -2.7962371e-06
14.599414 -2.7944864e-06
14.611627 -2.7926192e-06
14.62384 -2.7906374e-06
14.636053 -2.7885428e-06
14.648266 -2.7863374e-06
14.660479 -2.7840229e-06
14.672692 -2.7816012e-06
14.684905 -2.7790739e-06
14.697118 -2.7764429e-06
14.709331 -2.7737099e-06
14.721544 -2.7708766e-06
14.733757 -2.7679447e-06
14.74597 -2.7649158e-06
14.758183 -2.7617917e-06
14.770396 -2.7585739e-06
14.782609 -2.7552641e-06
14.794822 -2.7518637e-06
14.807035 -2.7483745e-06
14.819248 -2.744798e-06
14.831461 -2.7411357e-06
14.843674 -2.737389e-06
14.855887 -2.7335596e-06
14.8681 -2.7296488e-06
14.880313 -2.7256582e-06
14.892526 -2.7215891e-06
14.904739 -2.717443e-06
14.916952 -2.7132214e-06
14.929165 -2.7089255e-06
14.941378 -2.7045567e-06
14.953591 -2.7001165e-06
14.965804 -2.6956061e-06
14.978017 -2.6910269e-06
14.99023 -2.6863801e-06
15.002443 -2.6816671e-06
15.014656 -2.6768891e-06
15.026869 -2.6720473e-06
15.039082 -2.6671431e-06
15.051295 -2.6621776e-06
15.063508 -2.657152e-06
15.075721 -2.6520676e-06
15.087934 -2.6469254e-06
15.100147 -2.6417267e-06
15.11236 -2.6364727e-06
15.124573 -2.6311643e-06
15.136786 -2.6258028e-06
15.148999 -2.6203893e-06
15.161212 -2.6149248e-06
15.173425 -2.6094105e-06
15.185638 -2.6038473e-06
15.197851 -2.5982364e-06
15.210064 -2.5925787e-06
15.222277 -2.5868753e-06
15.234489 -2.5811272e-06
15.246702 -2.5753354e-06
15.258915 -2.5695008e-06
15.271128 -2.5636245e-06
15.283341 -2.5577074e-06
15.295554 -2.5517504e-06
15.307767 -2.5457544e-06
15.31998 -2.5397205e-06
15.332193 -2.5336494e-06
15.344406 -2.5275421e-06
15.356619 -2.5213995e-06
15.368832 -2.5152224e-06
15.381045 -2.5090116e-06
15.393258 -2.5027682e-06
15.405471 -2.4964928e-06
15.417684 -2.4901863e-06
15.429897 -2.4838495e-06
15.44211 -2.4774833e-06
15.454323 -2.4710883e-06
15.466536 -2.4646655e-06
15.478749 -2.4582155e-06
15.490962 -2.4517391e-06
15.503175 -2.4452372e-06
15.515388 -2.4387103e-06
15.527601 -2.4321593e-06
15.539814 -2.4255848e-06
15.552027 -2.4189876e-06
15.56424 -2.4123684e-06
15.576453 -2.4057279e-06
15.588666 -2.3990667e-06
15.600879 -2.3923856e-06
15.613092 -2.3856851e-06
15.625305 -2.378966e-06
15.637518 -2.3722288e-06
15.649731 -2.3654743e-06
15.661944 -2.358703e-06
15.674157 -2.3519156e-06
15.68637 -2.3451127e-06
15.698583 -2.3382948e-06
15.710796 -2.3314626e-06
15.723009 -2.3246166e-06
15.735222 -2.3177575e-06
15.747435 -2.3108858e-06
15.759648 -2.304002e-06
15.771861 -2.2971067e-06
15.784074 -2.2902004e-06
15.796287 -2.2832838e-06
15.8085 -2.2763572e-06
15.820713 -2.2694213e-06
15.832926 -2.2624766e-06
15.845139 -2.2555234e-06
15.857352 -2.2485624e-06
15.869565 -2.2415941e-06
15.881778 -2.2346189e-06
15.893991 -2.2276373e-06
15.906204 -2.2206497e-06
15.918417 -2.2136567e-06
15.93063 -2.2066586e-06
15.942843 -2.199656e-06
15.955056 -2.1926492e-06
15.967269 -2.1856388e-06
15.979482 -2.1786251e-06
15.991695 -2.1716086e-06
16.003908 -2.1645896e-06
16.016121 -2.1575686e-06
16.028334 -2.150546e-06
16.040547 -2.1435222e-06
16.05276 -2.1364976e-06
16.064973 -2.1294725e-06
16.077186 -2.1224474e-06
16.089399 -2.1154226e-06
16.101612 -2.1083985e-06
16.113825 -2.1013754e-06
16.126038 -2.0943537e-06
16.138251 -2.0873338e-06
16.150464 -2.080316e-06
16.162677 -2.0733006e-06
16.17489 -2.0662879e-06
16.187103 -2.0592784e-06
16.199316 -2.0522723e-06
16.211529 -2.0452699e-06
16.223742 -2.0382716e-06
16.235955 -2.0312777e-06
16.248168 -2.0242884e-06
16.260381 -2.017304e-06
16.272594 -2.010325e-06
16.284807 -2.0033514e-06
16.29702 -1.9963837e-06
16.309233 -1.9894221e-06
16.321446 -1.9824669e-06
16.333659 -1.9755184e-06
16.345872 -1.9685767e-06
16.358085 -1.9616422e-06
16.370298 -1.9547152e-06
16.382511 -1.9477958e-06
16.394724 -1.9408844e-06
16.406937 -1.9339812e-06
16.41915 -1.9270863e-06
16.431363 -1.9202001e-06
16.443576 -1.9133228e-06
16.455789 -1.9064546e-06
16.468002 -1.8995958e-06
16.480215 -1.8927464e-06
16.492428 -1.8859069e-06
16.504641 -1.8790773e-06
16.516854 -1.8722578e-06
16.529067 -1.8654488e-06
16.54128 -1.8586503e-06
16.553493 -1.8518627e-06
16.565706 -1.845086e-06
16.577919 -1.8383204e-06
16.590132 -1.8315662e-06
16.602345 -1.8248235e-06
16.614558 -1.8180925e-06
16.626771 -1.8113734e-06
16.638984 -1.8046664e-06
16.651197 -1.7979716e-06
16.66341 -1.7912891e-06
16.675623 -1.7846192e-06
16.687836 -1.777962e-06
16.700049 -1.7713176e-06
16.712262 -1.7646863e-06
16.724475 -1.7580681e-06
16.736688 -1.7514632e-06
16.748901 -1.7448718e-06
16.761114 -1.738294e-06
16.773327 -1.7317298e-06
16.78554 -1.7251796e-06
16.797753 -1.7186433e-06
16.809966 -1.7121211e-06
16.822179 -1.7056132e-06
16.834392 -1.6991197e-06
16.846605 -1.6926406e-06
16.858818 -1.6861761e-06
16.871031 -1.6797264e-06
16.883244 -1.6732915e-06
16.895457 -1.6668715e-06
16.90767 -1.6604666e-06
16.919883 -1.6540769e-06
16.932096 -1.6477023e-06
16.944309 -1.6413432e-06
16.956522 -1.6349995e-06
16.968735 -1.6286714e-06
16.980948 -1.6223588e-06
16.993161 -1.6160621e-06
17.005374 -1.6097811e-06
17.017587 -1.6035161e-06
17.0298 -1.597267e-06
17.042013 -1.591034e-06
17.054226 -1.5848172e-06
17.066439 -1.5786166e-06
17.078652 -1.5724323e-06
17.090865 -1.5662644e-06
17.103078 -1.5601129e-06
17.115291 -1.553978e-06
17.127504 -1.5478596e-06
17.139717 -1.5417579e-06
17.15193 -1.5356729e-06
17.164143 -1.5296047e-06
17.176356 -1.5235533e-06
17.188569 -1.5175188e-06
17.200782 -1.5115013e-06
17.212995 -1.5055007e-06
17.225208 -1.4995172e-06
17.237421 -1.4935509e-06
17.249634 -1.4876016e-06
17.261847 -1.4816696e-06
17.27406 -1.4757548e-06
17.286273 -1.4698573e-06
17.298486 -1.4639772e-06
17.310699 -1.4581144e-06
17.322912 -1.4522691e-06
17.335125 -1.4464411e-06
17.347338 -1.4406307e-06
17.359551 -1.4348378e-06
17.371764 -1.4290625e-06
17.383977 -1.4233047e-06
17.39619 -1.4175646e-06
17.408403 -1.4118421e-06
17.420616 -1.4061372e-06
17.432829 -1.4004501e-06
17.445042 -1.3947807e-06
17.457255 -1.389129e-06
17.469468 -1.3834951e-06
17.481681 -1.377879e-06
17.493894 -1.3722807e-06
17.506106 -1.3667002e-06
17.518319 -1.3611375e-06
17.530532 -1.3555928e-06
17.542745 -1.3500658e-06
17.554958 -1.3445568e-06
17.567171 -1.3390657e-06
17.579384 -1.3335924e-06
17.591597 -1.3281371e-06
17.60381 -1.3226997e-06
17.616023 -1.3172803e-06
17.628236 -1.3118787e-06
17.640449 -1.3064951e-06
17.652662 -1.3011295e-06
17.664875 -1.2957818e-06
17.677088 -1.2904521e-06
17.689301 -1.2851403e-06
17.701514 -1.2798465e-06
17.713727 -1.2745706e-06
17.72594 -1.2693126e-06
17.738153 -1.2640727e-06
17.750366 -1.2588506e-06
17.762579 -1.2536465e-06
17.774792 -1.2484603e-06
17.787005 -1.2432921e-06
17.799218 -1.2381418e-06
17.811431 -1.2330093e-06
17.823644 -1.2278948e-06
17.835857 -1.2227982e-06
17.84807 -1.2177194e-06
17.860283 -1.2126586e-06
17.872496 -1.2076155e-06
17.884709 -1.2025903e-06
17.896922 -1.197583e-06
17.909135 -1.1925934e-06
17.921348 -1.1876217e-06
17.933561 -1.1826677e-06
17.945774 -1.1777316e-06
17.957987 -1.1728131e-06
17.9702 -1.1679124e-06
17.982413 -1.1630294e-06
17.994626 -1.1581641e-06
18.006839 -1.1533164e-06
18.019052 -1.1484864e-06
18.031265 -1.1436741e-06
18.043478 -1.1388793e-06
18.055691 -1.1341021e-06
18.067904 -1.1293425e-06
18.080117 -1.1246005e-06
18.09233 -1.1198759e-06
18.104543 -1.1151688e-06
18.116756 -1.1104792e-06
18.128969 -1.105807e-06
18.141182 -1.1011522e-06
18.153395 -1.0965148e-06
18.165608 -1.0918948e-06
18.177821 -1.0872921e-06
18.190034 -1.0827067e-06
18.202247 -1.0781385e-06
18.21446 -1.0735876e-06
18.226673 -1.0690539e-06
18.238886 -1.0645373e-06
18.251099 -1.060038e-06
18.263312 -1.0555557e-06
18.275525 -1.0510905e-06
18.287738 -1.0466423e-06
18.299951 -1.0422112e-06
18.312164 -1.037797e-06
18.324377 -1.0333998e-06
18.33659 -1.0290195e-06
18.348803 -1.0246561e-06
18.361016 -1.0203096e-06
18.373229 -1.0159798e-06
18.385442 -1.0116668e-06
18.397655 -1.0073706e-06
18.409868 -1.003091e-06
18.422081 -9.9882814e-07
18.434294 -9.9458189e-07
18.446507 -9.9035222e-07
18.45872 -9.8613911e-07
18.470933 -9.8194252e-07
18.483146 -9.777624e-07
18.495359 -9.7359872e-07
18.507572 -9.6945144e-07
18.519785 -9.6532052e-07
18.531998 -9.6120592e-07
18.544211 -9.5710761e-07
18.556424 -9.5302553e-07
18.568637 -9.4895965e-07
18.58085 -9.4490994e-07
18.593063 -9.4087634e-07
18.605276 -9.3685883e-07
18.617489 -9.3285735e-07
18.629702 -9.2887187e-07
18.641915 -9.2490234e-07
18.654128 -9.2094873e-07
18.666341 -9.1701099e-07
18.678554 -9.1308907e-07
18.690767 -9.0918294e-07
18.70298 -9.0529256e-07
18.715193 -9.0141788e-07
18.727406 -8.9755885e-07
18.739619 -8.9371544e-07
18.751832 -8.8988761e-07
18.764045 -8.8607529e-07
18.776258 -8.8227847e-07
18.788471 -8.7849708e-07
18.800684 -8.7473109e-07
18.812897 -8.7098046e-07
18.82511 -8.6724513e-07
18.837323 -8.6352507e-07
18.849536 -8.5982022e-07
18.861749 -8.5613055e-07
18.873962 -8.5245601e-07
18.886175 -8.4879655e-07
18.898388 -8.4515214e-07
18.910601 -8.4152272e-07
18.922814 -8.3790825e-07
18.935027 -8.3430868e-07
18.94724 -8.3072397e-07
18.959453 -8.2715408e-07
18.971666 -8.2359895e-07
18.983879 -8.2005855e-07
18.996092 -8.1653282e-07
19.008305 -8.1302172e-07
19.020518 -8.0952521e-07
19.032731 -8.0604323e-07
19.044944 -8.0257575e-07
19.057157 -7.9912271e-07
19.06937 -7.9568408e-07
19.081583 -7.9225979e-07
19.093796 -7.8884982e-07
19.106009 -7.8545411e-07
19.118222 -7.8207261e-07
19.130435 -7.7870528e-07
19.142648 -7.7535207e-07
19.154861 -7.7201294e-07
19.167074 -7.6868783e-07
19.179287 -7.6537671e-07
19.1915 -7.6207953e-07
19.203713 -7.5879623e-07
19.215926 -7.5552678e-07
19.228139 -7.5227112e-07
19.240352 -7.4902921e-07
19.252565 -7.45801e-07
19.264778 -7.4258645e-07
19.276991 -7.3938551e-07
19.289204 -7.3619814e-07
19.301417 -7.3302427e-07
19.31363 -7.2986388e-07
19.325843 -7.2671691e-07
19.338056 -7.2358331e-07
19.350269 -7.2046305e-07
19.362482 -7.1735606e-07
19.374695 -7.1426231e-07
19.386908 -7.1118175e-07
19.399121 -7.0811434e-07
19.411334 -7.0506001e-07
19.423547 -7.0201874e-07
19.43576 -6.9899047e-07
19.447973 -6.9597516e-07
19.460186 -6.9297276e-07
19.472399 -6.8998322e-07
19.484612 -6.8700649e-07
19.496825 -6.8404254e-07
19.509038 -6.8109131e-07
19.521251 -6.7815276e-07
19.533464 -6.7522684e-07
19.545677 -6.7231351e-07
19.55789 -6.6941271e-07
19.570103 -6.6652441e-07
19.582316 -6.6364855e-07
19.594529 -6.607851e-07
19.606742 -6.57934e-07
19.618955 -6.5509521e-07
19.631168 -6.5226868e-07
19.643381 -6.4945437e-07
19.655594 -6.4665223e-07
19.667807 -6.4386222e-07
19.68002 -6.4108429e-07
19.692233 -6.3831839e-07
19.704446 -6.3556448e-07
19.716659 -6.3282252e-07
19.728872 -6.3009245e-07
19.741085 -6.2737424e-07
19.753298 -6.2466784e-07
19.765511 -6.2197319e-07
19.777723 -6.1929027e-07
19.789936 -6.1661902e-07
19.802149 -6.139594e-07
19.814362 -6.1131136e-07
19.826575 -6.0867485e-07
19.838788 -6.0604985e-07
19.851001 -6.0343629e-07
19.863214 -6.0083413e-07
19.875427 -5.9824334e-07
19.88764 -5.9566386e-07
19.899853 -5.9309565e-07
19.912066 -5.9053867e-07
19.924279 -5.8799288e-07
19.936492 -5.8545822e-07
19.948705 -5.8293466e-07
19.960918 -5.8042215e-07
19.973131 -5.7792065e-07
19.985344 -5.7543012e-07
19.997557 -5.729505e-07
20.00977 -5.7048176e-07
20.021983 -5.6802386e-07
20.034196 -5.6557675e-07
20.046409 -5.6314038e-07
20.058622 -5.6071472e-07
20.070835 -5.5829972e-07
20.083048 -5.5589535e-07
20.095261 -5.5350154e-07
20.107474 -5.5111828e-07
20.119687 -5.487455e-07
20.1319 -5.4638317e-07
20.144113 -5.4403125e-07
20.156326 -5.4168969e-07
20.168539 -5.3935846e-07
20.180752 -5.370375e-07
20.192965 -5.3472679e-07
20.205178 -5.3242627e-07
20.217391 -5.301359e-07
20.229604 -5.2785565e-07
20.241817 -5.2558547e-07
20.25403 -5.2332532e-07
20.266243 -5.2107517e-07
20.278456 -5.1883496e-07
20.290669 -5.1660465e-07
20.302882 -5.1438422e-07
20.315095 -5.1217361e-07
20.327308 -5.0997278e-07
20.339521 -5.077817e-07
20.351734 -5.0560032e-07
20.363947 -5.0342861e-07
20.37616 -5.0126652e-07
20.388373 -4.9911402e-07
20.400586 -4.9697106e-07
20.412799 -4.948376e-07
20.425012 -4.9271361e-07
20.437225 -4.9059904e-07
20.449438 -4.8849385e-07
20.461651 -4.8639801e-07
20.473864 -4.8431148e-07
20.486077 -4.8223422e-07
20.49829 -4.8016618e-07
20.510503 -4.7810733e-07
20.522716 -4.7605764e-07
20.534929 -4.7401705e-07
20.547142 -4.7198554e-07
20.559355 -4.6996307e-07
20.571568 -4.6794959e-07
20.583781 -4.6594506e-07
20.595994 -4.6394946e-07
20.608207 -4.6196274e-07
20.62042 -4.5998487e-07
20.632633 -4.580158e-07
20.644846 -4.5605551e-07
20.657059 -4.5410394e-07
20.669272 -4.5216107e-07
20.681485 -4.5022686e-07
20.693698 -4.4830126e-07
20.705911 -4.4638426e-07
20.718124 -4.4447579e-07
20.730337 -4.4257584e-07
20.74255 -4.4068436e-07
20.754763 -4.3880132e-07
20.766976 -4.3692667e-07
20.779189 -4.350604e-07
20.791402 -4.3320245e-07
20.803615 -4.3135279e-07
20.815828 -4.2951139e-07
20.828041 -4.2767821e-07
20.840254 -4.2585321e-07
20.852467 -4.2403636e-07
20.86468 -4.2222763e-07
20.876893 -4.2042698e-07
20.889106 -4.1863437e-07
20.901319 -4.1684977e-07
20.913532 -4.1507314e-07
20.925745 -4.1330446e-07
20.937958 -4.1154367e-07
20.950171 -4.0979076e-07
20.962384 -4.0804568e-07
20.974597 -4.0630841e-07
20.98681 -4.045789e-07
20.999023 -4.0285713e-07
21.011236 -4.0114305e-07
21.023449 -3.9943664e-07
21.035662 -3.9773787e-07
21.047875 -3.9604669e-07
21.060088 -3.9436307e-07
21.072301 -3.9268699e-07
21.084514 -3.9101841e-07
21.096727 -3.8935729e-07
21.10894 -3.8770361e-07
21.121153 -3.8605733e-07
21.133366 -3.8441841e-07
21.145579 -3.8278683e-07
21.157792 -3.8116255e-07
21.170005 -3.7954554e-07
21.182218 -3.7793577e-07
21.194431 -3.7633321e-07
21.206644 -3.7473782e-07
21.218857 -3.7314957e-07
21.23107 -3.7156844e-07
21.243283 -3.6999438e-07
21.255496 -3.6842737e-07
21.267709 -3.6686738e-07
21.279922 -3.6531437e-07
21.292135 -3.6376831e-07
21.304348 -3.6222918e-07
21.316561 -3.6069694e-07
21.328774 -3.5917157e-07
21.340987 -3.5765302e-07
21.3532 -3.5614127e-07
21.365413 -3.546363e-07
21.377626 -3.5313806e-07
21.389839 -3.5164654e-07
21.402052 -3.5016169e-07
21.414265 -3.4868349e-07
21.426478 -3.4721192e-07
21.438691 -3.4574693e-07
21.450904 -3.4428851e-07
21.463117 -3.4283661e-07
21.47533 -3.4139122e-07
21.487543 -3.399523e-07
21.499756 -3.3851983e-07
21.511969 -3.3709377e-07
21.524182 -3.356741e-07
21.536395 -3.3426078e-07
21.548608 -3.3285379e-07
21.560821 -3.3145311e-07
21.573034 -3.3005869e-07
21.585247 -3.2867052e-07
21.59746 -3.2728857e-07
21.609673 -3.259128e-07
21.621886 -3.2454319e-07
21.634099 -3.2317972e-07
21.646312 -3.2182234e-07
21.658525 -3.2047105e-07
21.670738 -3.191258e-07
21.682951 -3.1778658e-07
21.695164 -3.1645335e-07
21.707377 -3.1512608e-07
21.71959 -3.1380476e-07
21.731803 -3.1248935e-07
21.744016 -3.1117983e-07
21.756229 -3.0987617e-07
21.768442 -3.0857834e-07
21.780655 -3.0728632e-07
21.792868 -3.0600008e-07
21.805081 -3.0471959e-07
21.817294 -3.0344484e-07
21.829507 -3.0217578e-07
21.84172 -3.009124e-07
21.853933 -2.9965467e-07
21.866146 -2.9840257e-07
21.878359 -2.9715606e-07
21.890572 -2.9591513e-07
21.902785 -2.9467975e-07
21.914998 -2.9344989e-07
21.927211 -2.9222553e-07
21.939424 -2.9100664e-07
21.951637 -2.897932e-07
21.96385 -2.8858518e-07
21.976063 -2.8738256e-07
21.988276 -2.8618532e-07
22.000489 -2.8499342e-07
22.012702 -2.8380685e-07
22.024915 -2.8262558e-07
22.037128 -2.8144959e-07
22.04934 -2.8027885e-07
22.061553 -2.7911334e-07
22.073766 -2.7795303e-07
22.085979 -2.767979e-07
22.098192 -2.7564793e-07
22.110405 -2.7450309e-07
22.122618 -2.7336336e-07
22.134831 -2.7222872e-07
22.147044 -2.7109914e-07
22.159257 -2.699746e-07
22.17147 -2.6885508e-07
22.183683 -2.6774055e-07
22.195896 -2.66631e-07
22.208109 -2.6552639e-07
22.220322 -2.6442671e-07
22.232535 -2.6333193e-07
22.244748 -2.6224203e-07
22.256961 -2.6115698e-07
22.269174 -2.6007678e-07
22.281387 -2.5900139e-07
22.2936 -2.5793079e-07
22.305813 -2.5686495e-07
22.318026 -2.5580387e-07
22.330239 -2.5474751e-07
22.342452 -2.5369586e-07
22.354665 -2.5264889e-07
22.366878 -2.5160658e-07
22.379091 -2.505689e-07
22.391304 -2.4953585e-07
22.403517 -2.485074e-07
22.41573 -2.4748352e-07
22.427943 -2.4646419e-07
22.440156 -2.454494e-07
22.452369 -2.4443912e-07
22.464582 -2.4343333e-07
22.476795 -2.4243202e-07
22.489008 -2.4143515e-07
22.501221 -2.4044272e-07
22.513434 -2.3945469e-07
22.525647 -2.3847106e-07
22.53786 -2.3749179e-07
22.550073 -2.3651688e-07
22.562286 -2.3554629e-07
22.574499 -2.3458001e-07
22.586712 -2.3361803e-07
22.598925 -2.3266031e-07
22.611138 -2.3170684e-07
22.623351 -2.307576e-07
22.635564 -2.2981257e-07
22.647777 -2.2887174e-07
22.65999 -2.2793507e-07
22.672203 -2.2700256e-07
22.684416 -2.2607419e-07
22.696629 -2.2514992e-07
22.708842 -2.2422976e-07
22.721055 -2.2331367e-07
22.733268 -2.2240163e-07
22.745481 -2.2149364e-07
22.757694 -2.2058967e-07
22.769907 -2.196897e-07
22.78212 -2.1879371e-07
22.794333 -2.1790169e-07
22.806546 -2.1701361e-07
22.818759 -2.1612947e-07
22.830972 -2.1524923e-07
22.843185 -2.1437289e-07
22.855398 -2.1350042e-07
22.867611 -2.1263181e-07
22.879824 -2.1176703e-07
22.892037 -2.1090608e-07
22.90425 -2.1004893e-07
22.916463 -2.0919556e-07
22.928676 -2.0834597e-07
22.940889 -2.0750012e-07
22.953102 -2.0665801e-07
22.965315 -2.0581961e-07
22.977528 -2.0498491e-07
22.989741 -2.041539e-07
23.001954 -2.0332655e-07
23.014167 -2.0250285e-07
23.02638 -2.0168277e-07
23.038593 -2.0086632e-07
23.050806 -2.0005346e-07
23.063019 -1.9924418e-07
23.075232 -1.9843847e-07
23.087445 -1.976363e-07
23.099658 -1.9683766e-07
23.111871 -1.9604254e-07
23.124084 -1.9525092e-07
23.136297 -1.9446278e-07
23.14851 -1.9367811e-07
23.160723 -1.9289689e-07
23.172936 -1.9211911e-07
23.185149 -1.9134474e-07
23.197362 -1.9057377e-07
23.209575 -1.898062e-07
23.221788 -1.8904199e-07
23.234001 -1.8828114e-07
23.246214 -1.8752363e-07
23.258427 -1.8676945e-07
23.27064 -1.8601857e-07
23.282853 -1.8527099e-07
23.295066 -1.8452669e-07
23.307279 -1.8378565e-07
23.319492 -1.8304786e-07
23.331705 -1.823133e-07
23.343918 -1.8158197e-07
23.356131 -1.8085384e-07
23.368344 -1.8012889e-07
23.380557 -1.7940712e-07
23.39277 -1.7868851e-07
23.404983 -1.7797305e-07
23.417196 -1.7726071e-07
23.429409 -1.765515e-07
23.441622 -1.7584538e-07
23.453835 -1.7514235e-07
23.466048 -1.744424e-07
23.478261 -1.737455e-07
23.490474 -1.7305165e-07
23.502687 -1.7236082e-07
23.5149 -1.7167302e-07
23.527113 -1.7098822e-07
23.539326 -1.703064e-07
23.551539 -1.6962756e-07
23.563752 -1.6895169e-07
23.575965 -1.6827876e-07
23.588178 -1.6760876e-07
23.600391 -1.6694169e-07
23.612604 -1.6627752e-07
23.624817 -1.6561624e-07
23.63703 -1.6495785e-07
23.649243 -1.6430232e-07
23.661456 -1.6364964e-07
23.673669 -1.6299981e-07
23.685882 -1.623528e-07
23.698095 -1.6170861e-07
23.710308 -1.6106722e-07
23.722521 -1.6042861e-07
23.734734 -1.5979278e-07
23.746947 -1.5915972e-07
23.75916 -1.585294e-07
23.771373 -1.5790182e-07
23.783586 -1.5727697e-07
23.795799 -1.5665483e-07
23.808012 -1.5603539e-07
23.820225 -1.5541863e-07
23.832438 -1.5480455e-07
23.844651 -1.5419313e-07
23.856864 -1.5358436e-07
23.869077 -1.5297823e-07
23.88129 -1.5237472e-07
23.893503 -1.5177383e-07
23.905716 -1.5117554e-07
23.917929 -1.5057984e-07
23.930142 -1.4998671e-07
23.942355 -1.4939615e-07
23.954568 -1.4880815e-07
23.966781 -1.4822269e-07
23.978994 -1.4763975e-07
23.991207 -1.4705934e-07
24.00342 -1.4648143e-07
24.015633 -1.4590602e-07
24.027846 -1.4533309e-07
24.040059 -1.4476264e-07
24.052272 -1.4419464e-07
24.064485 -1.436291e-07
24.076698 -1.4306599e-07
24.088911 -1.4250532e-07
24.101124 -1.4194705e-07
24.113337 -1.413912e-07
24.12555 -1.4083773e-07
24.137763 -1.4028665e-07
24.149976 -1.3973795e-07
24.162189 -1.391916e-07
24.174402 -1.386476e-07
24.186615 -1.3810594e-07
24.198828 -1.3756661e-07
24.211041 -1.370296e-07
24.223254 -1.364949e-07
24.235467 -1.3596249e-07
24.24768 -1.3543237e-07
24.259893 -1.3490453e-07
24.272106 -1.3437895e-07
24.284319 -1.3385562e-07
24.296532 -1.3333454e-07
24.308745 -1.3281569e-07
24.320957 -1.3229907e-07
24.33317 -1.3178466e-07
24.345383 -1.3127245e-07
24.357596 -1.3076244e-07
24.369809 -1.3025461e-07
24.382022 -1.2974896e-07
24.394235 -1.2924546e-07
24.406448 -1.2874412e-07
24.418661 -1.2824493e-07
24.430874 -1.2774786e-07
24.443087 -1.2725293e-07
24.4553 -1.267601e-07
24.467513 -1.2626938e-07
24.479726 -1.2578076e-07
24.491939 -1.2529422e-07
24.504152 -1.2480975e-07
24.516365 -1.2432736e-07
24.528578 -1.2384702e-07
24.540791 -1.2336872e-07
24.553004 -1.2289247e-07
24.565217 -1.2241824e-07
24.57743 -1.2194603e-07
24.589643 -1.2147583e-07
24.601856 -1.2100764e-07
24.614069 -1.2054143e-07
24.626282 -1.2007721e-07
24.638495 -1.1961496e-07
24.650708 -1.1915468e-07
24.662921 -1.1869635e-07
24.675134 -1.1823996e-07
24.687347 -1.1778552e-07
24.69956 -1.17333e-07
24.711773 -1.1688241e-07
24.723986 -1.1643373e-07
24.736199 -1.1598694e-07
24.748412 -1.1554206e-07
24.760625 -1.1509905e-07
24.772838 -1.1465793e-07
24.785051 -1.1421867e-07
24.797264 -1.1378127e-07
24.809477 -1.1334573e-07
24.82169 -1.1291202e-07
24.833903 -1.1248015e-07
24.846116 -1.1205011e-07
24.858329 -1.1162188e-07
24.870542 -1.1119547e-07
24.882755 -1.1077085e-07
24.894968 -1.1034803e-07
24.907181 -1.0992699e-07
24.919394 -1.0950773e-07
24.931607 -1.0909023e-07
24.94382 -1.086745e-07
24.956033 -1.0826052e-07
24.968246 -1.0784828e-07
24.980459 -1.0743778e-07
24.992672 -1.0702901e-07
25.004885 -1.0662196e-07
25.017098 -1.0621663e-07
25.029311 -1.05813e-07
25.041524 -1.0541106e-07
25.053737 -1.0501082e-07
25.06595 -1.0461226e-07
25.078163 -1.0421537e-07
25.090376 -1.0382015e-07
25.102589 -1.0342659e-07
25.114802 -1.0303468e-07
25.127015 -1.0264441e-07
25.139228 -1.0225578e-07
25.151441 -1.0186878e-07
25.163654 -1.014834e-07
25.175867 -1.0109964e-07
25.18808 -1.0071749e-07
25.200293 -1.0033693e-07
25.212506 -9.9957969e-08
25.224719 -9.9580592e-08
25.236932 -9.9204793e-08
25.249145 -9.8830566e-08
25.261358 -9.8457904e-08
25.273571 -9.8086798e-08
25.285784 -9.7717242e-08
25.297997 -9.734923e-08
25.31021 -9.6982753e-08
25.322423 -9.6617806e-08
25.334636 -9.6254381e-08
25.346849 -9.5892471e-08
25.359062 -9.553207e-08
25.371275 -9.5173171e-08
25.383488 -9.4815766e-08
25.395701 -9.445985e-08
25.407914 -9.4105415e-08
25.420127 -9.3752455e-08
25.43234 -9.3400963e-08
25.444553 -9.3050933e-08
25.456766 -9.2702358e-08
25.468979 -9.2355231e-08
25.481192 -9.2009546e-08
25.493405 -9.1665297e-08
25.505618 -9.1322476e-08
25.517831 -9.0981078e-08
25.530044 -9.0641096e-08
25.542257 -9.0302523e-08
25.55447 -8.9965354e-08
25.566683 -8.9629583e-08
25.578896 -8.9295202e-08
25.591109 -8.8962205e-08
25.603322 -8.8630587e-08
25.615535 -8.8300341e-08
25.627748 -8.7971461e-08
25.639961 -8.764394e-08
25.652174 -8.7317774e-08
25.664387 -8.6992955e-08
25.6766 -8.6669478e-08
25.688813 -8.6347336e-08
25.701026 -8.6026524e-08
25.713239 -8.5707036e-08
25.725452 -8.5388865e-08
25.737665 -8.5072007e-08
25.749878 -8.4756454e-08
25.762091 -8.4442201e-08
25.774304 -8.4129243e-08
25.786517 -8.3817573e-08
25.79873 -8.3507185e-08
25.810943 -8.3198075e-08
25.823156 -8.2890236e-08
25.835369 -8.2583663e-08
25.847582 -8.2278349e-08
25.859795 -8.197429e-08
25.872008 -8.1671479e-08
25.884221 -8.1369912e-08
25.896434 -8.1069582e-08
25.908647 -8.0770485e-08
25.92086 -8.0472613e-08
25.933073 -8.0175963e-08
25.945286 -7.9880529e-08
25.957499 -7.9586305e-08
25.969712 -7.9293285e-08
25.981925 -7.9001465e-08
25.994138 -7.8710839e-08
26.006351 -7.8421402e-08
26.018564 -7.8133149e-08
26.030777 -7.7846073e-08
26.04299 -7.7560171e-08
26.055203 -7.7275436e-08
26.067416 -7.6991864e-08
26.079629 -7.670945e-08
26.091842 -7.6428187e-08
26.104055 -7.6148072e-08
26.116268 -7.5869099e-08
26.128481 -7.5591263e-08
26.140694 -7.5314559e-08
26.152907 -7.5038981e-08
26.16512 -7.4764526e-08
26.177333 -7.4491187e-08
26.189546 -7.4218961e-08
26.201759 -7.3947841e-08
26.213972 -7.3677824e-08
26.226185 -7.3408904e-08
26.238398 -7.3141076e-08
26.250611 -7.2874336e-08
26.262824 -7.2608678e-08
26.275037 -7.2344099e-08
26.28725 -7.2080593e-08
26.299463 -7.1818155e-08
26.311676 -7.1556781e-08
26.323889 -7.1296465e-08
26.336102 -7.1037205e-08
26.348315 -7.0778993e-08
26.360528 -7.0521827e-08
26.372741 -7.0265701e-08
26.384954 -7.0010612e-08
26.397167 -6.9756553e-08
26.40938 -6.9503521e-08
26.421593 -6.9251511e-08
26.433806 -6.9000519e-08
26.446019 -6.875054e-08
26.458232 -6.850157e-08
26.470445 -6.8253604e-08
26.482658 -6.8006638e-08
26.494871 -6.7760667e-08
26.507084 -6.7515687e-08
26.519297 -6.7271694e-08
26.53151 -6.7028684e-08
26.543723 -6.6786651e-08
26.555936 -6.6545592e-08
26.568149 -6.6305503e-08
26.580362 -6.6066379e-08
26.592574 -6.5828216e-08
26.604787 -6.559101e-08
26.617 -6.5354756e-08
26.629213 -6.511945e-08
26.641426 -6.4885089e-08
26.653639 -6.4651668e-08
26.665852 -6.4419183e-08
26.678065 -6.4187629e-08
26.690278 -6.3957003e-08
26.702491 -6.3727302e-08
26.714704 -6.3498519e-08
26.726917 -6.3270653e-08
26.73913 -6.3043698e-08
26.751343 -6.281765e-08
26.763556 -6.2592506e-08
26.775769 -6.2368262e-08
26.787982 -6.2144914e-08
26.800195 -6.1922458e-08
26.812408 -6.1700889e-08
26.824621 -6.1480205e-08
26.836834 -6.1260401e-08
26.849047 -6.1041473e-08
26.86126 -6.0823418e-08
26.873473 -6.0606232e-08
26.885686 -6.038991e-08
26.897899 -6.017445e-08
26.910112 -5.9959847e-08
26.922325 -5.9746098e-08
26.934538 -5.9533199e-08
26.946751 -5.9321147e-08
26.958964 -5.9109937e-08
26.971177 -5.8899566e-08
26.98339 -5.869003e-08
26.995603 -5.8481326e-08
27.007816 -5.827345e-08
27.020029 -5.8066398e-08
27.032242 -5.7860167e-08
27.044455 -5.7654754e-08
27.056668 -5.7450154e-08
27.068881 -5.7246365e-08
27.081094 -5.7043382e-08
27.093307 -5.6841203e-08
27.10552 -5.6639823e-08
27.117733 -5.6439239e-08
27.129946 -5.6239449e-08
27.142159 -5.6040448e-08
27.154372 -5.5842232e-08
27.166585 -5.56448e-08
27.178798 -5.5448146e-08
27.191011 -5.5252269e-08
27.203224 -5.5057163e-08
27.215437 -5.4862827e-08
27.22765 -5.4669257e-08
27.239863 -5.4476449e-08
27.252076 -5.4284401e-08
27.264289 -5.4093108e-08
27.276502 -5.3902568e-08
27.288715 -5.3712778e-08
27.300928 -5.3523733e-08
27.313141 -5.3335432e-08
27.325354 -5.314787e-08
27.337567 -5.2961045e-08
27.34978 -5.2774954e-08
27.361993 -5.2589592e-08
27.374206 -5.2404958e-08
27.386419 -5.2221048e-08
27.398632 -5.2037858e-08
27.410845 -5.1855387e-08
27.423058 -5.167363e-08
27.435271 -5.1492584e-08
27.447484 -5.1312247e-08
27.459697 -5.1132616e-08
27.47191 -5.0953687e-08
27.484123 -5.0775458e-08
27.496336 -5.0597925e-08
27.508549 -5.0421085e-08
27.520762 -5.0244936e-08
27.532975 -5.0069475e-08
27.545188 -4.9894698e-08
27.557401 -4.9720603e-08
27.569614 -4.9547186e-08
27.581827 -4.9374446e-08
27.59404 -4.9202378e-08
27.606253 -4.9030981e-08
27.618466 -4.886025e-08
27.630679 -4.8690184e-08
27.642892 -4.852078e-08
27.655105 -4.8352034e-08
27.667318 -4.8183944e-08
27.679531 -4.8016507e-08
27.691744 -4.7849721e-08
27.703957 -4.7683582e-08
27.71617 -4.7518087e-08
27.728383 -4.7353235e-08
27.740596 -4.7189022e-08
27.752809 -4.7025446e-08
27.765022 -4.6862503e-08
27.777235 -4.6700191e-08
27.789448 -4.6538508e-08
27.801661 -4.6377451e-08
27.813874 -4.6217017e-08
27.826087 -4.6057203e-08
27.8383 -4.5898007e-08
27.850513 -4.5739427e-08
27.862726 -4.5581459e-08
27.874939 -4.5424101e-08
27.887152 -4.526735e-08
27.899365 -4.5111204e-08
27.911578 -4.4955661e-08
27.923791 -4.4800717e-08
27.936004 -4.464637e-08
27.948217 -4.4492618e-08
27.96043 -4.4339458e-08
27.972643 -4.4186888e-08
27.984856 -4.4034905e-08
27.997069 -4.3883506e-08
28.009282 -4.373269e-08
28.021495 -4.3582453e-08
28.033708 -4.3432793e-08
28.045921 -4.3283709e-08
28.058134 -4.3135196e-08
28.070347 -4.2987254e-08
28.08256 -4.2839879e-08
28.094773 -4.2693069e-08
28.106986 -4.2546823e-08
28.119199 -4.2401136e-08
28.131412 -4.2256008e-08
28.143625 -4.2111435e-08
28.155838 -4.1967415e-08
28.168051 -4.1823947e-08
28.180264 -4.1681027e-08
28.192477 -4.1538654e-08
28.20469 -4.1396825e-08
28.216903 -4.1255537e-08
28.229116 -4.111479e-08
28.241329 -4.0974579e-08
28.253542 -4.0834903e-08
28.265755 -4.069576e-08
28.277968 -4.0557148e-08
28.290181 -4.0419064e-08
28.302394 -4.0281506e-08
28.314607 -4.0144472e-08
28.32682 -4.0007959e-08
28.339033 -3.9871966e-08
28.351246 -3.9736491e-08
28.363459 -3.960153e-08
28.375672 -3.9467083e-08
28.387885 -3.9333146e-08
28.400098 -3.9199718e-08
28.412311 -3.9066796e-08
28.424524 -3.8934379e-08
28.436737 -3.8802465e-08
28.44895 -3.867105e-08
28.461163 -3.8540134e-08
28.473376 -3.8409714e-08
28.485589 -3.8279788e-08
28.497802 -3.8150354e-08
28.510015 -3.8021409e-08
28.522228 -3.7892953e-08
28.534441 -3.7764982e-08
28.546654 -3.7637496e-08
28.558867 -3.751049e-08
28.57108 -3.7383965e-08
28.583293 -3.7257918e-08
28.595506 -3.7132346e-08
28.607719 -3.7007248e-08
28.619932 -3.6882622e-08
28.632145 -3.6758466e-08
28.644358 -3.6634778e-08
28.656571 -3.6511556e-08
28.668784 -3.6388797e-08
28.680997 -3.6266501e-08
28.69321 -3.6144666e-08
28.705423 -3.6023288e-08
28.717636 -3.5902367e-08
28.729849 -3.57819e-08
28.742062 -3.5661886e-08
28.754275 -3.5542323e-08
28.766488 -3.5423209e-08
28.778701 -3.5304541e-08
28.790914 -3.5186319e-08
28.803127 -3.5068541e-08
28.81534 -3.4951203e-08
28.827553 -3.4834306e-08
28.839766 -3.4717846e-08
28.851979 -3.4601822e-08
28.864191 -3.4486233e-08
28.876404 -3.4371076e-08
28.888617 -3.425635e-08
28.90083 -3.4142052e-08
28.913043 -3.4028182e-08
28.925256 -3.3914737e-08
28.937469 -3.3801716e-08
28.949682 -3.3689116e-08
28.961895 -3.3576937e-08
28.974108 -3.3465176e-08
28.986321 -3.3353832e-08
28.998534 -3.3242903e-08
29.010747 -3.3132387e-08
29.02296 -3.3022283e-08
29.035173 -3.2912589e-08
29.047386 -3.2803303e-08
29.059599 -3.2694423e-08
29.071812 -3.2585948e-08
29.084025 -3.2477876e-08
29.096238 -3.2370206e-08
29.108451 -3.2262936e-08
29.120664 -3.2156064e-08
29.132877 -3.2049589e-08
29.14509 -3.1943509e-08
29.157303 -3.1837822e-08
29.169516 -3.1732527e-08
29.181729 -3.1627622e-08
29.193942 -3.1523106e-08
29.206155 -3.1418976e-08
29.218368 -3.1315232e-08
29.230581 -3.1211872e-08
29.242794 -3.1108894e-08
29.255007 -3.1006297e-08
29.26722 -3.0904079e-08
29.279433 -3.0802239e-08
29.291646 -3.0700775e-08
29.303859 -3.0599685e-08
29.316072 -3.0498968e-08
29.328285 -3.0398623e-08
29.340498 -3.0298648e-08
29.352711 -3.0199041e-08
29.364924 -3.0099801e-08
29.377137 -3.0000927e-08
29.38935 -2.9902416e-08
29.401563 -2.9804268e-08
29.413776 -2.9706482e-08
29.425989 -2.9609054e-08
29.438202 -2.9511985e-08
29.450415 -2.9415273e-08
29.462628 -2.9318916e-08
29.474841 -2.9222912e-08
29.487054 -2.9127261e-08
29.499267 -2.9031961e-08
29.51148 -2.8937011e-08
29.523693 -2.8842408e-08
29.535906 -2.8748152e-08
29.548119 -2.8654241e-08
29.560332 -2.8560675e-08
29.572545 -2.846745e-08
29.584758 -2.8374567e-08
29.596971 -2.8282024e-08
29.609184 -2.8189818e-08
29.621397 -2.809795e-08
29.63361 -2.8006418e-08
29.645823 -2.791522e-08
29.658036 -2.7824354e-08
29.670249 -2.773382e-08
29.682462 -2.7643617e-08
29.694675 -2.7553742e-08
29.706888 -2.7464195e-08
29.719101 -2.7374974e-08
29.731314 -2.7286079e-08
29.743527 -2.7197506e-08
29.75574 -2.7109256e-08
29.767953 -2.7021328e-08
29.780166 -2.6933719e-08
29.792379 -2.6846428e-08
29.804592 -2.6759455e-08
29.816805 -2.6672797e-08
29.829018 -2.6586454e-08
29.841231 -2.6500425e-08
29.853444 -2.6414708e-08
29.865657 -2.6329301e-08
29.87787 -2.6244204e-08
29.890083 -2.6159416e-08
29.902296 -2.6074935e-08
29.914509 -2.5990759e-08
29.926722 -2.5906889e-08
29.938935 -2.5823322e-08
29.951148 -2.5740057e-08
29.963361 -2.5657093e-08
29.975574 -2.5574429e-08
29.987787 -2.5492064e-08
30 -2.5409996e-08

