5 0.016051815
5.012213 0.015903353
5.024426 0.015756863
5.036639 0.015612287
5.048852 0.015469568
5.061065 0.015328654
5.073278 0.015189494
5.085491 0.015052038
5.097704 0.014916241
5.109917 0.014782057
5.1221299 0.014649444
5.1343429 0.014518361
5.1465559 0.014388769
5.1587689 0.01426063
5.1709819 0.014133908
5.1831949 0.01400857
5.1954079 0.013884582
5.2076209 0.013761913
5.2198339 0.013640532
5.2320469 0.013520411
5.2442599 0.013401522
5.2564729 0.013283838
5.2686859 0.013167333
5.2808989 0.013051984
5.2931119 0.012937767
5.3053249 0.012824659
5.3175379 0.012712639
5.3297509 0.012601685
5.3419638 0.012491779
5.3541768 0.012382901
5.3663898 0.012275032
5.3786028 0.012168155
5.3908158 0.012062253
5.4030288 0.01195731
5.4152418 0.011853309
5.4274548 0.011750236
5.4396678 0.011648077
5.4518808 0.011546816
5.4640938 0.011446442
5.4763068 0.01134694
5.4885198 0.011248298
5.5007328 0.011150504
5.5129458 0.011053547
5.5251588 0.010957414
5.5373718 0.010862096
5.5495848 0.010767582
5.5617978 0.010673861
5.5740107 0.010580924
5.5862237 0.010488761
5.5984367 0.010397363
5.6106497 0.010306722
5.6228627 0.010216828
5.6350757 0.010127673
5.6472887 0.010039249
5.6595017 0.009951548
5.6717147 0.0098645627
5.6839277 0.0097782855
5.6961407 0.009692709
5.7083537 0.0096078264
5.7205667 0.0095236308
5.7327797 0.0094401154
5.7449927 0.0093572739
5.7572057 0.0092750999
5.7694187 0.0091935872
5.7816317 0.0091127298
5.7938447 0.0090325218
5.8060576 0.0089529575
5.8182706 0.0088740313
5.8304836 0.0087957377
5.8426966 0.0087180712
5.8549096 0.0086410267
5.8671226 0.008564599
5.8793356 0.008488783
5.8915486 0.0084135737
5.9037616 0.0083389664
5.9159746 0.0082649561
5.9281876 0.0081915382
5.9404006 0.0081187082
5.9526136 0.0080464614
5.9648266 0.0079747934
5.9770396 0.0079036998
5.9892526 0.0078331762
6.0014656 0.0077632185
6.0136786 0.0076938223
6.0258915 0.0076249836
6.0381045 0.0075566983
6.0503175 0.0074889622
6.0625305 0.0074217715
6.0747435 0.0073551222
6.0869565 0.0072890103
6.0991695 0.0072234322
6.1113825 0.0071583838
6.1235955 0.0070938615
6.1358085 0.0070298616
6.1480215 0.0069663804
6.1602345 0.0069034141
6.1724475 0.0068409593
6.1846605 0.0067790123
6.1968735 0.0067175695
6.2090865 0.0066566276
6.2212995 0.0065961828
6.2335125 0.0065362319
6.2457255 0.0064767713
6.2579384 0.0064177978
6.2701514 0.0063593078
6.2823644 0.006301298
6.2945774 0.0062437651
6.3067904 0.0061867059
6.3190034 0.0061301169
6.3312164 0.006073995
6.3434294 0.006018337
6.3556424 0.0059631395
6.3678554 0.0059083995
6.3800684 0.0058541136
6.3922814 0.0058002789
6.4044944 0.005746892
6.4167074 0.00569395
6.4289204 0.0056414497
6.4411334 0.005589388
6.4533464 0.0055377618
6.4655594 0.0054865682
6.4777723 0.005435804
6.4899853 0.0053854663
6.5021983 0.005335552
6.5144113 0.0052860582
6.5266243 0.0052369819
6.5388373 0.0051883202
6.5510503 0.00514007
6.5632633 0.0050922286
6.5754763 0.0050447929
6.5876893 0.0049977601
6.5999023 0.0049511273
6.6121153 0.0049048916
6.6243283 0.0048590502
6.6365413 0.0048136003
6.6487543 0.004768539
6.6609673 0.0047238635
6.6731803 0.0046795711
6.6853933 0.0046356589
6.6976063 0.0045921242
6.7098192 0.0045489642
6.7220322 0.0045061762
6.7342452 0.0044637575
6.7464582 0.0044217053
6.7586712 0.004380017
6.7708842 0.0043386898
6.7830972 0.0042977212
6.7953102 0.0042571084
6.8075232 0.0042168487
6.8197362 0.0041769397
6.8319492 0.0041373786
6.8441622 0.0040981628
6.8563752 0.0040592898
6.8685882 0.0040207569
6.8808012 0.0039825617
6.8930142 0.0039447015
6.9052272 0.0039071739
6.9174402 0.0038699762
6.9296532 0.003833106
6.9418661 0.0037965608
6.9540791 0.0037603381
6.9662921 0.0037244354
6.9785051 0.0036888502
6.9907181 0.0036535802
7.0029311 0.0036186229
7.0151441 0.0035839758
7.0273571 0.0035496366
7.0395701 0.0035156029
7.0517831 0.0034818723
7.0639961 0.0034484423
7.0762091 0.0034153108
7.0884221 0.0033824753
7.1006351 0.0033499335
7.1128481 0.003317683
7.1250611 0.0032857217
7.1372741 0.0032540471
7.1494871 0.0032226571
7.1617 0.0031915494
7.173913 0.0031607216
7.186126 0.0031301717
7.198339 0.0030998973
7.210552 0.0030698963
7.222765 0.0030401664
7.234978 0.0030107056
7.247191 0.0029815115
7.259404 0.0029525821
7.271617 0.0029239152
7.28383 0.0028955087
7.296043 0.0028673604
7.308256 0.0028394684
7.320469 0.0028118304
7.332682 0.0027844444
7.344895 0.0027573083
7.357108 0.0027304202
7.369321 0.0027037779
7.381534 0.0026773794
7.3937469 0.0026512227
7.4059599 0.0026253059
7.4181729 0.0025996269
7.4303859 0.0025741837
7.4425989 0.0025489745
7.4548119 0.0025239972
7.4670249 0.0024992499
7.4792379 0.0024747308
7.4914509 0.0024504378
7.5036639 0.0024263691
7.5158769 0.0024025229
7.5280899 0.0023788972
7.5403029 0.0023554901
7.5525159 0.0023323
7.5647289 0.0023093248
7.5769419 0.0022865628
7.5891549 0.0022640122
7.6013679 0.0022416712
7.6135809 0.0022195381
7.6257938 0.0021976109
7.6380068 0.0021758881
7.6502198 0.0021543678
7.6624328 0.0021330483
7.6746458 0.0021119278
7.6868588 0.0020910048
7.6990718 0.0020702775
7.7112848 0.0020497441
7.7234978 0.0020294031
7.7357108 0.0020092527
7.7479238 0.0019892914
7.7601368 0.0019695175
7.7723498 0.0019499293
7.7845628 0.0019305253
7.7967758 0.0019113039
7.8089888 0.0018922634
7.8212018 0.0018734023
7.8334148 0.001854719
7.8456277 0.001836212
7.8578407 0.0018178797
7.8700537 0.0017997206
7.8822667 0.0017817333
7.8944797 0.0017639161
7.9066927 0.0017462675
7.9189057 0.0017287862
7.9311187 0.0017114706
7.9433317 0.0016943193
7.9555447 0.0016773307
7.9677577 0.0016605036
7.9799707 0.0016438364
7.9921837 0.0016273277
8.0043967 0.0016109762
8.0166097 0.0015947803
8.0288227 0.0015787388
8.0410357 0.0015628503
8.0532487 0.0015471134
8.0654617 0.0015315267
8.0776746 0.001516089
8.0898876 0.0015007988
8.1021006 0.0014856549
8.1143136 0.0014706559
8.1265266 0.0014558006
8.1387396 0.0014410876
8.1509526 0.0014265157
8.1631656 0.0014120837
8.1753786 0.0013977901
8.1875916 0.0013836339
8.1998046 0.0013696137
8.2120176 0.0013557284
8.2242306 0.0013419767
8.2364436 0.0013283574
8.2486566 0.0013148693
8.2608696 0.0013015112
8.2730826 0.0012882819
8.2852956 0.0012751803
8.2975085 0.0012622052
8.3097215 0.0012493555
8.3219345 0.0012366299
8.3341475 0.0012240275
8.3463605 0.001211547
8.3585735 0.0011991873
8.3707865 0.0011869474
8.3829995 0.0011748261
8.3952125 0.0011628223
8.4074255 0.0011509351
8.4196385 0.0011391632
8.4318515 0.0011275057
8.4440645 0.0011159615
8.4562775 0.0011045295
8.4684905 0.0010932088
8.4807035 0.0010819983
8.4929165 0.0010708969
8.5051295 0.0010599037
8.5173425 0.0010490177
8.5295554 0.0010382379
8.5417684 0.0010275632
8.5539814 0.0010169928
8.5661944 0.0010065257
8.5784074 0.00099616085
8.5906204 0.00098589737
8.6028334 0.00097573429
8.6150464 0.0009656707
8.6272594 0.00095570567
8.6394724 0.00094583827
8.6516854 0.0009360676
8.6638984 0.00092639276
8.6761114 0.00091681285
8.6883244 0.00090732699
8.7005374 0.0008979343
8.7127504 0.00088863391
8.7249634 0.00087942495
8.7371764 0.00087030657
8.7493894 0.00086127793
8.7616023 0.00085233817
8.7738153 0.00084348648
8.7860283 0.00083472201
8.7982413 0.00082604395
8.8104543 0.00081745149
8.8226673 0.00080894383
8.8348803 0.00080052016
8.8470933 0.0007921797
8.8593063 0.00078392166
8.8715193 0.00077574526
8.8837323 0.00076764974
8.8959453 0.00075963433
8.9081583 0.00075169827
8.9203713 0.00074384082
8.9325843 0.00073606123
8.9447973 0.00072835876
8.9570103 0.00072073268
8.9692233 0.00071318228
8.9814362 0.00070570683
8.9936492 0.00069830562
9.0058622 0.00069097794
9.0180752 0.00068372311
9.0302882 0.00067654042
9.0425012 0.0006694292
9.0547142 0.00066238875
9.0669272 0.00065541841
9.0791402 0.00064851751
9.0913532 0.00064168539
9.1035662 0.00063492138
9.1157792 0.00062822486
9.1279922 0.00062159515
9.1402052 0.00061503164
9.1524182 0.00060853369
9.1646312 0.00060210066
9.1768442 0.00059573195
9.1890572 0.00058942692
9.2012702 0.00058318498
9.2134831 0.00057700552
9.2256961 0.00057088794
9.2379091 0.00056483165
9.2501221 0.00055883606
9.2623351 0.00055290058
9.2745481 0.00054702464
9.2867611 0.00054120766
9.2989741 0.00053544909
9.3111871 0.00052974835
9.3234001 0.00052410489
9.3356131 0.00051851816
9.3478261 0.00051298762
9.3600391 0.00050751271
9.3722521 0.00050209291
9.3844651 0.00049672767
9.3966781 0.00049141649
9.4088911 0.00048615883
9.4211041 0.00048095417
9.433317 0.00047580201
9.44553 0.00047070183
9.457743 0.00046565313
9.469956 0.00046065542
9.482169 0.0004557082
9.494382 0.00045081098
9.506595 0.00044596328
9.518808 0.00044116462
9.531021 0.00043641451
9.543234 0.00043171249
9.555447 0.0004270581
9.56766 0.00042245086
9.579873 0.00041789032
9.592086 0.00041337603
9.604299 0.00040890754
9.616512 0.00040448439
9.628725 0.00040010616
9.640938 0.00039577239
9.653151 0.00039148267
9.6653639 0.00038723655
9.6775769 0.00038303362
9.6897899 0.00037887344
9.7020029 0.00037475561
9.7142159 0.00037067971
9.7264289 0.00036664533
9.7386419 0.00036265207
9.7508549 0.00035869952
9.7630679 0.00035478728
9.7752809 0.00035091496
9.7874939 0.00034708217
9.7997069 0.00034328852
9.8119199 0.00033953363
9.8241329 0.00033581712
9.8363459 0.00033213861
9.8485589 0.00032849772
9.8607719 0.0003248941
9.8729849 0.00032132737
9.8851979 0.00031779717
9.8974108 0.00031430314
9.9096238 0.00031084492
9.9218368 0.00030742218
9.9340498 0.00030403454
9.9462628 0.00030068167
9.9584758 0.00029736323
9.9706888 0.00029407888
9.9829018 0.00029082828
9.9951148 0.0002876111
10.007328 0.00028442701
10.019541 0.00028127568
10.031754 0.00027815679
10.043967 0.00027507001
10.05618 0.00027201504
10.068393 0.00026899156
10.080606 0.00026599925
10.092819 0.00026303781
10.105032 0.00026010694
10.117245 0.00025720632
10.129458 0.00025433566
10.141671 0.00025149467
10.153884 0.00024868305
10.166097 0.0002459005
10.17831 0.00024314675
10.190523 0.0002404215
10.202736 0.00023772447
10.214949 0.00023505539
10.227162 0.00023241396
10.239375 0.00022979993
10.251588 0.00022721302
10.263801 0.00022465295
10.276014 0.00022211946
10.288227 0.00021961229
10.30044 0.00021713118
10.312653 0.00021467585
10.324866 0.00021224607
10.337079 0.00020984157
10.349292 0.00020746211
10.361505 0.00020510742
10.373718 0.00020277727
10.385931 0.00020047141
10.398144 0.0001981896
10.410357 0.0001959316
10.42257 0.00019369717
10.434783 0.00019148607
10.446996 0.00018929807
10.459209 0.00018713294
10.471422 0.00018499046
10.483635 0.00018287039
10.495848 0.00018077251
10.508061 0.0001786966
10.520274 0.00017664244
10.532487 0.00017460981
10.5447 0.00017259849
10.556913 0.00017060828
10.569126 0.00016863895
10.581339 0.00016669031
10.593552 0.00016476213
10.605765 0.00016285423
10.617978 0.00016096639
10.630191 0.00015909841
10.642404 0.00015725009
10.654617 0.00015542124
10.66683 0.00015361166
10.679043 0.00015182115
10.691255 0.00015004953
10.703468 0.00014829659
10.715681 0.00014656217
10.727894 0.00014484606
10.740107 0.00014314809
10.75232 0.00014146806
10.764533 0.00013980581
10.776746 0.00013816115
10.788959 0.0001365339
10.801172 0.00013492389
10.813385 0.00013333094
10.825598 0.00013175488
10.837811 0.00013019555
10.850024 0.00012865276
10.862237 0.00012712636
10.87445 0.00012561618
10.886663 0.00012412205
10.898876 0.00012264381
10.911089 0.00012118131
10.923302 0.00011973437
10.935515 0.00011830285
10.947728 0.00011688659
10.959941 0.00011548543
10.972154 0.00011409922
10.984367 0.00011272781
10.99658 0.00011137104
11.008793 0.00011002878
11.021006 0.00010870086
11.033219 0.00010738716
11.045432 0.00010608751
11.057645 0.00010480178
11.069858 0.00010352983
11.082071 0.00010227152
11.094284 0.00010102671
11.106497 9.9795254e-05
11.11871 9.8577025e-05
11.130923 9.7371886e-05
11.143136 9.6179703e-05
11.155349 9.5000345e-05
11.167562 9.3833681e-05
11.179775 9.2679582e-05
11.191988 9.1537918e-05
11.204201 9.0408564e-05
11.216414 8.9291393e-05
11.228627 8.8186281e-05
11.24084 8.7093104e-05
11.253053 8.6011742e-05
11.265266 8.4942072e-05
11.277479 8.3883976e-05
11.289692 8.2837335e-05
11.301905 8.1802031e-05
11.314118 8.0777949e-05
11.326331 7.9764974e-05
11.338544 7.8762991e-05
11.350757 7.7771889e-05
11.36297 7.6791555e-05
11.375183 7.582188e-05
11.387396 7.4862753e-05
11.399609 7.3914066e-05
11.411822 7.2975713e-05
11.424035 7.2047587e-05
11.436248 7.1129584e-05
11.448461 7.0221598e-05
11.460674 6.9323527e-05
11.472887 6.8435269e-05
11.4851 6.7556723e-05
11.497313 6.668779e-05
11.509526 6.5828369e-05
11.521739 6.4978364e-05
11.533952 6.4137676e-05
11.546165 6.3306211e-05
11.558378 6.2483873e-05
11.570591 6.1670567e-05
11.582804 6.0866201e-05
11.595017 6.0070682e-05
11.60723 5.928392e-05
11.619443 5.8505822e-05
11.631656 5.7736301e-05
11.643869 5.6975267e-05
11.656082 5.6222633e-05
11.668295 5.5478311e-05
11.680508 5.4742215e-05
11.692721 5.4014262e-05
11.704934 5.3294365e-05
11.717147 5.2582442e-05
11.72936 5.187841e-05
11.741573 5.1182187e-05
11.753786 5.0493692e-05
11.765999 4.9812845e-05
11.778212 4.9139567e-05
11.790425 4.8473779e-05
11.802638 4.7815403e-05
11.814851 4.7164363e-05
11.827064 4.6520581e-05
11.839277 4.5883983e-05
11.85149 4.5254493e-05
11.863703 4.4632038e-05
11.875916 4.4016545e-05
11.888129 4.3407941e-05
11.900342 4.2806154e-05
11.912555 4.2211113e-05
11.924768 4.1622748e-05
11.936981 4.104099e-05
11.949194 4.0465768e-05
11.961407 3.9897016e-05
11.97362 3.9334665e-05
11.985833 3.8778648e-05
11.998046 3.8228901e-05
12.010259 3.7685355e-05
12.022472 3.7147948e-05
12.034685 3.6616615e-05
12.046898 3.6091292e-05
12.059111 3.5571916e-05
12.071324 3.5058425e-05
12.083537 3.4550757e-05
12.09575 3.4048852e-05
12.107963 3.3552648e-05
12.120176 3.3062086e-05
12.132389 3.2577107e-05
12.144602 3.2097652e-05
12.156815 3.1623663e-05
12.169028 3.1155082e-05
12.181241 3.0691854e-05
12.193454 3.0233921e-05
12.205667 2.9781227e-05
12.21788 2.9333718e-05
12.230093 2.8891339e-05
12.242306 2.8454036e-05
12.254519 2.8021755e-05
12.266732 2.7594444e-05
12.278945 2.717205e-05
12.291158 2.6754521e-05
12.303371 2.6341805e-05
12.315584 2.5933853e-05
12.327797 2.5530613e-05
12.34001 2.5132036e-05
12.352223 2.4738072e-05
12.364436 2.4348673e-05
12.376649 2.396379e-05
12.388862 2.3583375e-05
12.401075 2.3207382e-05
12.413288 2.2835763e-05
12.425501 2.2468471e-05
12.437714 2.2105462e-05
12.449927 2.1746689e-05
12.46214 2.1392108e-05
12.474353 2.1041673e-05
12.486566 2.0695342e-05
12.498779 2.035307e-05
12.510992 2.0014813e-05
12.523205 1.968053e-05
12.535418 1.9350179e-05
12.547631 1.9023716e-05
12.559844 1.8701101e-05
12.572057 1.8382292e-05
12.58427 1.806725e-05
12.596483 1.7755934e-05
12.608696 1.7448303e-05
12.620909 1.7144319e-05
12.633122 1.6843943e-05
12.645335 1.6547136e-05
12.657548 1.625386e-05
12.669761 1.5964077e-05
12.681974 1.567775e-05
12.694187 1.5394842e-05
12.7064 1.5115315e-05
12.718613 1.4839135e-05
12.730826 1.4566264e-05
12.743039 1.4296668e-05
12.755252 1.403031e-05
12.767465 1.3767157e-05
12.779678 1.3507174e-05
12.791891 1.3250327e-05
12.804104 1.2996582e-05
12.816317 1.2745906e-05
12.82853 1.2498265e-05
12.840743 1.2253627e-05
12.852956 1.2011959e-05
12.865169 1.177323e-05
12.877382 1.1537408e-05
12.889595 1.1304461e-05
12.901808 1.1074358e-05
12.914021 1.0847068e-05
12.926234 1.0622562e-05
12.938447 1.0400808e-05
12.95066 1.0181778e-05
12.962872 9.9654408e-06
12.975085 9.7517683e-06
12.987298 9.5407312e-06
12.999511 9.3323009e-06
13.011724 9.1264491e-06
13.023937 8.9231478e-06
13.03615 8.7223693e-06
13.048363 8.5240862e-06
13.060576 8.3282711e-06
13.072789 8.1348974e-06
13.085002 7.9439383e-06
13.097215 7.7553675e-06
13.109428 7.569159e-06
13.121641 7.385287e-06
13.133854 7.2037259e-06
13.146067 7.0244506e-06
13.15828 6.8474359e-06
13.170493 6.6726572e-06
13.182706 6.50009e-06
13.194919 6.32971e-06
13.207132 6.1614933e-06
13.219345 5.9954161e-06
13.231558 5.8314549e-06
13.243771 5.6695866e-06
13.255984 5.509788e-06
13.268197 5.3520365e-06
13.28041 5.1963095e-06
13.292623 5.0425848e-06
13.304836 4.8908402e-06
13.317049 4.7410539e-06
13.329262 4.5932044e-06
13.341475 4.4472702e-06
13.353688 4.3032301e-06
13.365901 4.1610634e-06
13.378114 4.0207491e-06
13.390327 3.8822669e-06
13.40254 3.7455965e-06
13.414753 3.6107176e-06
13.426966 3.4776106e-06
13.439179 3.3462557e-06
13.451392 3.2166334e-06
13.463605 3.0887245e-06
13.475818 2.96251e-06
13.488031 2.837971e-06
13.500244 2.7150888e-06
13.512457 2.593845e-06
13.52467 2.4742213e-06
13.536883 2.3561996e-06
13.549096 2.239762e-06
13.561309 2.1248908e-06
13.573522 2.0115686e-06
13.585735 1.8997779e-06
13.597948 1.7895016e-06
13.610161 1.6807228e-06
13.622374 1.5734245e-06
13.634587 1.4675904e-06
13.6468 1.3632037e-06
13.659013 1.2602484e-06
13.671226 1.1587083e-06
13.683439 1.0585674e-06
13.695652 9.5981006e-07
13.707865 8.6242058e-07
13.720078 7.6638355e-07
13.732291 6.7168369e-07
13.744504 5.7830589e-07
13.756717 4.862352e-07
13.76893 3.9545681e-07
13.781143 3.0595609e-07
13.793356 2.1771854e-07
13.805569 1.3072982e-07
13.817782 4.4975763e-08
13.829995 -3.955768e-08
13.842208 -1.2288439e-07
13.854421 -2.0501812e-07
13.866634 -2.8597245e-07
13.878847 -3.6576085e-07
13.89106 -4.4439661e-07
13.903273 -5.2189292e-07
13.915486 -5.982628e-07
13.927699 -6.7351914e-07
13.939912 -7.4767471e-07
13.952125 -8.2074212e-07
13.964338 -8.9273386e-07
13.976551 -9.6366228e-07
13.988764 -1.0335396e-06
14.000977 -1.102378e-06
14.01319 -1.1701893e-06
14.025403 -1.2369854e-06
14.037616 -1.3027781e-06
14.049829 -1.3675789e-06
14.062042 -1.4313992e-06
14.074255 -1.4942505e-06
14.086468 -1.556144e-06
14.098681 -1.6170907e-06
14.110894 -1.6771016e-06
14.123107 -1.7361877e-06
14.13532 -1.7943597e-06
14.147533 -1.8516281e-06
14.159746 -1.9080036e-06
14.171959 -1.9634966e-06
14.184172 -2.0181173e-06
14.196385 -2.0718759e-06
14.208598 -2.1247826e-06
14.220811 -2.1768473e-06
14.233024 -2.2280799e-06
14.245237 -2.2784901e-06
14.25745 -2.3280877e-06
14.269663 -2.3768821e-06
14.281876 -2.4248828e-06
14.294089 -2.4720992e-06
14.306302 -2.5185405e-06
14.318515 -2.5642159e-06
14.330728 -2.6091344e-06
14.342941 -2.653305e-06
14.355154 -2.6967366e-06
14.367367 -2.7394379e-06
14.37958 -2.7814176e-06
14.391793 -2.8226843e-06
14.404006 -2.8632464e-06
14.416219 -2.9031124e-06
14.428432 -2.9422906e-06
14.440645 -2.9807891e-06
14.452858 -3.0186162e-06
14.465071 -3.0557798e-06
14.477284 -3.092288e-06
14.489497 -3.1281485e-06
14.50171 -3.1633691e-06
14.513923 -3.1979576e-06
14.526136 -3.2319216e-06
14.538349 -3.2652686e-06
14.550562 -3.2980061e-06
14.562775 -3.3301414e-06
14.574988 -3.3616818e-06
14.587201 -3.3926346e-06
14.599414 -3.4230068e-06
14.611627 -3.4528056e-06
14.62384 -3.4820378e-06
14.636053 -3.5107105e-06
14.648266 -3.5388305e-06
14.660479 -3.5664044e-06
14.672692 -3.593439e-06
14.684905 -3.6199409e-06
14.697118 -3.6459166e-06
14.709331 -3.6713727e-06
14.721544 -3.6963154e-06
14.733757 -3.7207512e-06
14.74597 -3.7446862e-06
14.758183 -3.7681267e-06
14.770396 -3.7910788e-06
14.782609 -3.8135485e-06
14.794822 -3.8355419e-06
14.807035 -3.8570648e-06
14.819248 -3.8781231e-06
14.831461 -3.8987227e-06
14.843674 -3.9188691e-06
14.855887 -3.9385682e-06
14.8681 -3.9578255e-06
14.880313 -3.9766466e-06
14.892526 -3.9950369e-06
14.904739 -4.0130019e-06
14.916952 -4.0305469e-06
14.929165 -4.0476772e-06
14.941378 -4.0643981e-06
14.953591 -4.0807148e-06
14.965804 -4.0966323e-06
14.978017 -4.1121559e-06
14.99023 -4.1272904e-06
15.002443 -4.1420409e-06
15.014656 -4.1564123e-06
15.026869 -4.1704094e-06
15.039082 -4.184037e-06
15.051295 -4.1972998e-06
15.063508 -4.2102027e-06
15.075721 -4.2227501e-06
15.087934 -4.2349468e-06
15.100147 -4.2467971e-06
15.11236 -4.2583057e-06
15.124573 -4.269477e-06
15.136786 -4.2803153e-06
15.148999 -4.2908251e-06
15.161212 -4.3010105e-06
15.173425 -4.3108759e-06
15.185638 -4.3204254e-06
15.197851 -4.3296632e-06
15.210064 -4.3385934e-06
15.222277 -4.34722e-06
15.234489 -4.3555472e-06
15.246702 -4.3635787e-06
15.258915 -4.3713187e-06
15.271128 -4.3787709e-06
15.283341 -4.3859391e-06
15.295554 -4.3928273e-06
15.307767 -4.3994391e-06
15.31998 -4.4057782e-06
15.332193 -4.4118484e-06
15.344406 -4.4176531e-06
15.356619 -4.4231961e-06
15.368832 -4.4284809e-06
15.381045 -4.433511e-06
15.393258 -4.4382898e-06
15.405471 -4.4428207e-06
15.417684 -4.4471072e-06
15.429897 -4.4511527e-06
15.44211 -4.4549603e-06
15.454323 -4.4585334e-06
15.466536 -4.4618753e-06
15.478749 -4.4649891e-06
15.490962 -4.467878e-06
15.503175 -4.4705452e-06
15.515388 -4.4729936e-06
15.527601 -4.4752264e-06
15.539814 -4.4772467e-06
15.552027 -4.4790573e-06
15.56424 -4.4806613e-06
15.576453 -4.4820615e-06
15.588666 -4.4832609e-06
15.600879 -4.4842623e-06
15.613092 -4.4850685e-06
15.625305 -4.4856824e-06
15.637518 -4.4861066e-06
15.649731 -4.4863439e-06
15.661944 -4.4863971e-06
15.674157 -4.4862687e-06
15.68637 -4.4859614e-06
15.698583 -4.4854777e-06
15.710796 -4.4848204e-06
15.723009 -4.4839919e-06
15.735222 -4.4829947e-06
15.747435 -4.4818313e-06
15.759648 -4.4805042e-06
15.771861 -4.4790158e-06
15.784074 -4.4773685e-06
15.796287 -4.4755647e-06
15.8085 -4.4736066e-06
15.820713 -4.4714967e-06
15.832926 -4.4692373e-06
15.845139 -4.4668305e-06
15.857352 -4.4642786e-06
15.869565 -4.4615839e-06
15.881778 -4.4587485e-06
15.893991 -4.4557745e-06
15.906204 -4.4526642e-06
15.918417 -4.4494196e-06
15.93063 -4.4460428e-06
15.942843 -4.4425359e-06
15.955056 -4.4389009e-06
15.967269 -4.4351398e-06
15.979482 -4.4312546e-06
15.991695 -4.4272473e-06
16.003908 -4.4231198e-06
16.016121 -4.418874e-06
16.028334 -4.4145119e-06
16.040547 -4.4100353e-06
16.05276 -4.405446e-06
16.064973 -4.4007459e-06
16.077186 -4.3959368e-06
16.089399 -4.3910205e-06
16.101612 -4.3859987e-06
16.113825 -4.3808732e-06
16.126038 -4.3756457e-06
16.138251 -4.370318e-06
16.150464 -4.3648916e-06
16.162677 -4.3593684e-06
16.17489 -4.3537498e-06
16.187103 -4.3480375e-06
16.199316 -4.3422332e-06
16.211529 -4.3363384e-06
16.223742 -4.3303547e-06
16.235955 -4.3242836e-06
16.248168 -4.3181267e-06
16.260381 -4.3118854e-06
16.272594 -4.3055613e-06
16.284807 -4.2991559e-06
16.29702 -4.2926705e-06
16.309233 -4.2861066e-06
16.321446 -4.2794657e-06
16.333659 -4.2727492e-06
16.345872 -4.2659584e-06
16.358085 -4.2590946e-06
16.370298 -4.2521594e-06
16.382511 -4.2451539e-06
16.394724 -4.2380795e-06
16.406937 -4.2309376e-06
16.41915 -4.2237294e-06
16.431363 -4.2164561e-06
16.443576 -4.209119e-06
16.455789 -4.2017195e-06
16.468002 -4.1942586e-06
16.480215 -4.1867376e-06
16.492428 -4.1791578e-06
16.504641 -4.1715202e-06
16.516854 -4.163826e-06
16.529067 -4.1560765e-06
16.54128 -4.1482727e-06
16.553493 -4.1404157e-06
16.565706 -4.1325067e-06
16.577919 -4.1245468e-06
16.590132 -4.116537e-06
16.602345 -4.1084784e-06
16.614558 -4.1003721e-06
16.626771 -4.092219e-06
16.638984 -4.0840203e-06
16.651197 -4.075777e-06
16.66341 -4.06749e-06
16.675623 -4.0591603e-06
16.687836 -4.050789e-06
16.700049 -4.0423769e-06
16.712262 -4.033925e-06
16.724475 -4.0254343e-06
16.736688 -4.0169058e-06
16.748901 -4.0083402e-06
16.761114 -3.9997385e-06
16.773327 -3.9911017e-06
16.78554 -3.9824305e-06
16.797753 -3.9737259e-06
16.809966 -3.9649887e-06
16.822179 -3.9562198e-06
16.834392 -3.94742e-06
16.846605 -3.9385901e-06
16.858818 -3.929731e-06
16.871031 -3.9208434e-06
16.883244 -3.9119281e-06
16.895457 -3.902986e-06
16.90767 -3.8940178e-06
16.919883 -3.8850242e-06
16.932096 -3.8760061e-06
16.944309 -3.8669641e-06
16.956522 -3.857899e-06
16.968735 -3.8488115e-06
16.980948 -3.8397023e-06
16.993161 -3.8305722e-06
17.005374 -3.8214218e-06
17.017587 -3.8122518e-06
17.0298 -3.8030629e-06
17.042013 -3.7938558e-06
17.054226 -3.7846311e-06
17.066439 -3.7753894e-06
17.078652 -3.7661315e-06
17.090865 -3.7568579e-06
17.103078 -3.7475693e-06
17.115291 -3.7382662e-06
17.127504 -3.7289494e-06
17.139717 -3.7196193e-06
17.15193 -3.7102766e-06
17.164143 -3.7009219e-06
17.176356 -3.6915557e-06
17.188569 -3.6821786e-06
17.200782 -3.6727912e-06
17.212995 -3.6633939e-06
17.225208 -3.6539875e-06
17.237421 -3.6445723e-06
17.249634 -3.635149e-06
17.261847 -3.625718e-06
17.27406 -3.6162798e-06
17.286273 -3.606835e-06
17.298486 -3.5973841e-06
17.310699 -3.5879275e-06
17.322912 -3.5784658e-06
17.335125 -3.5689994e-06
17.347338 -3.5595288e-06
17.359551 -3.5500544e-06
17.371764 -3.5405768e-06
17.383977 -3.5310963e-06
17.39619 -3.5216134e-06
17.408403 -3.5121286e-06
17.420616 -3.5026423e-06
17.432829 -3.4931549e-06
17.445042 -3.4836668e-06
17.457255 -3.4741784e-06
17.469468 -3.4646902e-06
17.481681 -3.4552026e-06
17.493894 -3.4457159e-06
17.506106 -3.4362305e-06
17.518319 -3.4267469e-06
17.530532 -3.4172654e-06
17.542745 -3.4077863e-06
17.554958 -3.3983101e-06
17.567171 -3.3888372e-06
17.579384 -3.3793677e-06
17.591597 -3.3699022e-06
17.60381 -3.360441e-06
17.616023 -3.3509843e-06
17.628236 -3.3415326e-06
17.640449 -3.3320861e-06
17.652662 -3.3226453e-06
17.664875 -3.3132103e-06
17.677088 -3.3037816e-06
17.689301 -3.2943594e-06
17.701514 -3.2849441e-06
17.713727 -3.2755359e-06
17.72594 -3.2661351e-06
17.738153 -3.2567421e-06
17.750366 -3.2473571e-06
17.762579 -3.2379804e-06
17.774792 -3.2286123e-06
17.787005 -3.219253e-06
17.799218 -3.2099028e-06
17.811431 -3.200562e-06
17.823644 -3.1912309e-06
17.835857 -3.1819096e-06
17.84807 -3.1725985e-06
17.860283 -3.1632979e-06
17.872496 -3.1540078e-06
17.884709 -3.1447286e-06
17.896922 -3.1354606e-06
17.909135 -3.1262038e-06
17.921348 -3.1169587e-06
17.933561 -3.1077254e-06
17.945774 -3.098504e-06
17.957987 -3.0892949e-06
17.9702 -3.0800983e-06
17.982413 -3.0709143e-06
17.994626 -3.0617432e-06
18.006839 -3.0525851e-06
18.019052 -3.0434403e-06
18.031265 -3.0343089e-06
18.043478 -3.0251912e-06
18.055691 -3.0160873e-06
18.067904 -3.0069974e-06
18.080117 -2.9979217e-06
18.09233 -2.9888604e-06
18.104543 -2.9798137e-06
18.116756 -2.9707816e-06
18.128969 -2.9617645e-06
18.141182 -2.9527623e-06
18.153395 -2.9437754e-06
18.165608 -2.9348039e-06
18.177821 -2.9258479e-06
18.190034 -2.9169076e-06
18.202247 -2.9079831e-06
18.21446 -2.8990746e-06
18.226673 -2.8901822e-06
18.238886 -2.881306e-06
18.251099 -2.8724463e-06
18.263312 -2.8636031e-06
18.275525 -2.8547765e-06
18.287738 -2.8459668e-06
18.299951 -2.837174e-06
18.312164 -2.8283982e-06
18.324377 -2.8196396e-06
18.33659 -2.8108983e-06
18.348803 -2.8021743e-06
18.361016 -2.7934679e-06
18.373229 -2.7847792e-06
18.385442 -2.7761082e-06
18.397655 -2.767455e-06
18.409868 -2.7588198e-06
18.422081 -2.7502026e-06
18.434294 -2.7416036e-06
18.446507 -2.7330229e-06
18.45872 -2.7244605e-06
18.470933 -2.7159165e-06
18.483146 -2.7073911e-06
18.495359 -2.6988843e-06
18.507572 -2.6903962e-06
18.519785 -2.6819269e-06
18.531998 -2.6734765e-06
18.544211 -2.665045e-06
18.556424 -2.6566326e-06
18.568637 -2.6482393e-06
18.58085 -2.6398652e-06
18.593063 -2.6315103e-06
18.605276 -2.6231748e-06
18.617489 -2.6148587e-06
18.629702 -2.606562e-06
18.641915 -2.5982849e-06
18.654128 -2.5900274e-06
18.666341 -2.5817895e-06
18.678554 -2.5735713e-06
18.690767 -2.5653729e-06
18.70298 -2.5571944e-06
18.715193 -2.5490357e-06
18.727406 -2.540897e-06
18.739619 -2.5327782e-06
18.751832 -2.5246795e-06
18.764045 -2.5166009e-06
18.776258 -2.5085424e-06
18.788471 -2.5005041e-06
18.800684 -2.492486e-06
18.812897 -2.4844881e-06
18.82511 -2.4765106e-06
18.837323 -2.4685534e-06
18.849536 -2.4606166e-06
18.861749 -2.4527001e-06
18.873962 -2.4448042e-06
18.886175 -2.4369287e-06
18.898388 -2.4290737e-06
18.910601 -2.4212393e-06
18.922814 -2.4134254e-06
18.935027 -2.4056321e-06
18.94724 -2.3978595e-06
18.959453 -2.3901075e-06
18.971666 -2.3823761e-06
18.983879 -2.3746655e-06
18.996092 -2.3669755e-06
19.008305 -2.3593063e-06
19.020518 -2.3516579e-06
19.032731 -2.3440302e-06
19.044944 -2.3364233e-06
19.057157 -2.3288372e-06
19.06937 -2.3212719e-06
19.081583 -2.3137274e-06
19.093796 -2.3062037e-06
19.106009 -2.298701e-06
19.118222 -2.291219e-06
19.130435 -2.2837579e-06
19.142648 -2.2763177e-06
19.154861 -2.2688984e-06
19.167074 -2.2615e-06
19.179287 -2.2541224e-06
19.1915 -2.2467657e-06
19.203713 -2.2394299e-06
19.215926 -2.2321151e-06
19.228139 -2.2248211e-06
19.240352 -2.2175479e-06
19.252565 -2.2102957e-06
19.264778 -2.2030644e-06
19.276991 -2.1958539e-06
19.289204 -2.1886644e-06
19.301417 -2.1814957e-06
19.31363 -2.1743478e-06
19.325843 -2.1672209e-06
19.338056 -2.1601148e-06
19.350269 -2.1530295e-06
19.362482 -2.1459651e-06
19.374695 -2.1389214e-06
19.386908 -2.1318986e-06
19.399121 -2.1248967e-06
19.411334 -2.1179154e-06
19.423547 -2.110955e-06
19.43576 -2.1040154e-06
19.447973 -2.0970964e-06
19.460186 -2.0901983e-06
19.472399 -2.0833208e-06
19.484612 -2.076464e-06
19.496825 -2.0696279e-06
19.509038 -2.0628125e-06
19.521251 -2.0560177e-06
19.533464 -2.0492436e-06
19.545677 -2.04249e-06
19.55789 -2.0357571e-06
19.570103 -2.0290447e-06
19.582316 -2.0223528e-06
19.594529 -2.0156815e-06
19.606742 -2.0090307e-06
19.618955 -2.0024003e-06
19.631168 -1.9957904e-06
19.643381 -1.9892009e-06
19.655594 -1.9826318e-06
19.667807 -1.9760831e-06
19.68002 -1.9695548e-06
19.692233 -1.9630467e-06
19.704446 -1.956559e-06
19.716659 -1.9500915e-06
19.728872 -1.9436442e-06
19.741085 -1.9372172e-06
19.753298 -1.9308103e-06
19.765511 -1.9244236e-06
19.777723 -1.918057e-06
19.789936 -1.9117105e-06
19.802149 -1.9053841e-06
19.814362 -1.8990776e-06
19.826575 -1.8927912e-06
19.838788 -1.8865247e-06
19.851001 -1.8802782e-06
19.863214 -1.8740516e-06
19.875427 -1.8678448e-06
19.88764 -1.8616578e-06
19.899853 -1.8554907e-06
19.912066 -1.8493433e-06
19.924279 -1.8432156e-06
19.936492 -1.8371076e-06
19.948705 -1.8310193e-06
19.960918 -1.8249506e-06
19.973131 -1.8189014e-06
19.985344 -1.8128719e-06
19.997557 -1.8068618e-06
20.00977 -1.8008712e-06
20.021983 -1.7949e-06
20.034196 -1.7889482e-06
20.046409 -1.7830157e-06
20.058622 -1.7771026e-06
20.070835 -1.7712088e-06
20.083048 -1.7653342e-06
20.095261 -1.7594788e-06
20.107474 -1.7536425e-06
20.119687 -1.7478254e-06
20.1319 -1.7420274e-06
20.144113 -1.7362484e-06
20.156326 -1.7304883e-06
20.168539 -1.7247473e-06
20.180752 -1.7190252e-06
20.192965 -1.7133219e-06
20.205178 -1.7076375e-06
20.217391 -1.7019718e-06
20.229604 -1.6963249e-06
20.241817 -1.6906967e-06
20.25403 -1.6850872e-06
20.266243 -1.6794963e-06
20.278456 -1.673924e-06
20.290669 -1.6683702e-06
20.302882 -1.6628349e-06
20.315095 -1.6573181e-06
20.327308 -1.6518196e-06
20.339521 -1.6463396e-06
20.351734 -1.6408778e-06
20.363947 -1.6354343e-06
20.37616 -1.630009e-06
20.388373 -1.624602e-06
20.400586 -1.619213e-06
20.412799 -1.6138422e-06
20.425012 -1.6084894e-06
20.437225 -1.6031546e-06
20.449438 -1.5978378e-06
20.461651 -1.5925389e-06
20.473864 -1.5872578e-06
20.486077 -1.5819946e-06
20.49829 -1.5767492e-06
20.510503 -1.5715214e-06
20.522716 -1.5663114e-06
20.534929 -1.5611191e-06
20.547142 -1.5559443e-06
20.559355 -1.550787e-06
20.571568 -1.5456473e-06
20.583781 -1.540525e-06
20.595994 -1.5354202e-06
20.608207 -1.5303327e-06
20.62042 -1.5252625e-06
20.632633 -1.5202096e-06
20.644846 -1.5151739e-06
20.657059 -1.5101554e-06
20.669272 -1.505154e-06
20.681485 -1.5001697e-06
20.693698 -1.4952024e-06
20.705911 -1.4902522e-06
20.718124 -1.4853188e-06
20.730337 -1.4804024e-06
20.74255 -1.4755028e-06
20.754763 -1.47062e-06
20.766976 -1.465754e-06
20.779189 -1.4609047e-06
20.791402 -1.456072e-06
20.803615 -1.451256e-06
20.815828 -1.4464565e-06
20.828041 -1.4416735e-06
20.840254 -1.436907e-06
20.852467 -1.432157e-06
20.86468 -1.4274233e-06
20.876893 -1.4227059e-06
20.889106 -1.4180048e-06
20.901319 -1.4133199e-06
20.913532 -1.4086513e-06
20.925745 -1.4039987e-06
20.937958 -1.3993623e-06
20.950171 -1.3947419e-06
20.962384 -1.3901375e-06
20.974597 -1.385549e-06
20.98681 -1.3809765e-06
20.999023 -1.3764198e-06
21.011236 -1.3718789e-06
21.023449 -1.3673537e-06
21.035662 -1.3628443e-06
21.047875 -1.3583505e-06
21.060088 -1.3538724e-06
21.072301 -1.3494098e-06
21.084514 -1.3449627e-06
21.096727 -1.3405311e-06
21.10894 -1.336115e-06
21.121153 -1.3317142e-06
21.133366 -1.3273287e-06
21.145579 -1.3229585e-06
21.157792 -1.3186036e-06
21.170005 -1.3142639e-06
21.182218 -1.3099393e-06
21.194431 -1.3056298e-06
21.206644 -1.3013353e-06
21.218857 -1.2970558e-06
21.23107 -1.2927913e-06
21.243283 -1.2885417e-06
21.255496 -1.284307e-06
21.267709 -1.2800871e-06
21.279922 -1.2758819e-06
21.292135 -1.2716915e-06
21.304348 -1.2675157e-06
21.316561 -1.2633546e-06
21.328774 -1.259208e-06
21.340987 -1.255076e-06
21.3532 -1.2509584e-06
21.365413 -1.2468553e-06
21.377626 -1.2427666e-06
21.389839 -1.2386922e-06
21.402052 -1.2346322e-06
21.414265 -1.2305864e-06
21.426478 -1.2265548e-06
21.438691 -1.2225373e-06
21.450904 -1.218534e-06
21.463117 -1.2145447e-06
21.47533 -1.2105695e-06
21.487543 -1.2066083e-06
21.499756 -1.2026609e-06
21.511969 -1.1987275e-06
21.524182 -1.1948079e-06
21.536395 -1.1909021e-06
21.548608 -1.1870101e-06
21.560821 -1.1831317e-06
21.573034 -1.179267e-06
21.585247 -1.175416e-06
21.59746 -1.1715785e-06
21.609673 -1.1677545e-06
21.621886 -1.163944e-06
21.634099 -1.1601469e-06
21.646312 -1.1563633e-06
21.658525 -1.1525929e-06
21.670738 -1.1488359e-06
21.682951 -1.1450921e-06
21.695164 -1.1413615e-06
21.707377 -1.1376441e-06
21.71959 -1.1339399e-06
21.731803 -1.1302487e-06
21.744016 -1.1265705e-06
21.756229 -1.1229053e-06
21.768442 -1.1192531e-06
21.780655 -1.1156137e-06
21.792868 -1.1119872e-06
21.805081 -1.1083736e-06
21.817294 -1.1047727e-06
21.829507 -1.1011845e-06
21.84172 -1.097609e-06
21.853933 -1.0940462e-06
21.866146 -1.0904959e-06
21.878359 -1.0869582e-06
21.890572 -1.083433e-06
21.902785 -1.0799203e-06
21.914998 -1.07642e-06
21.927211 -1.0729321e-06
21.939424 -1.0694565e-06
21.951637 -1.0659932e-06
21.96385 -1.0625422e-06
21.976063 -1.0591033e-06
21.988276 -1.0556767e-06
22.000489 -1.0522622e-06
22.012702 -1.0488597e-06
22.024915 -1.0454693e-06
22.037128 -1.0420909e-06
22.04934 -1.0387245e-06
22.061553 -1.03537e-06
22.073766 -1.0320273e-06
22.085979 -1.0286965e-06
22.098192 -1.0253775e-06
22.110405 -1.0220702e-06
22.122618 -1.0187746e-06
22.134831 -1.0154907e-06
22.147044 -1.0122185e-06
22.159257 -1.0089578e-06
22.17147 -1.0057087e-06
22.183683 -1.002471e-06
22.195896 -9.9924486e-07
22.208109 -9.9603012e-07
22.220322 -9.9282677e-07
22.232535 -9.8963476e-07
22.244748 -9.8645406e-07
22.256961 -9.8328461e-07
22.269174 -9.801264e-07
22.281387 -9.7697936e-07
22.2936 -9.7384347e-07
22.305813 -9.7071869e-07
22.318026 -9.6760497e-07
22.330239 -9.6450228e-07
22.342452 -9.6141058e-07
22.354665 -9.5832982e-07
22.366878 -9.5525997e-07
22.379091 -9.5220099e-07
22.391304 -9.4915284e-07
22.403517 -9.4611549e-07
22.41573 -9.4308889e-07
22.427943 -9.40073e-07
22.440156 -9.3706779e-07
22.452369 -9.3407322e-07
22.464582 -9.3108925e-07
22.476795 -9.2811584e-07
22.489008 -9.2515296e-07
22.501221 -9.2220056e-07
22.513434 -9.1925861e-07
22.525647 -9.1632707e-07
22.53786 -9.1340591e-07
22.550073 -9.1049508e-07
22.562286 -9.0759456e-07
22.574499 -9.0470429e-07
22.586712 -9.0182425e-07
22.598925 -8.989544e-07
22.611138 -8.9609469e-07
22.623351 -8.9324511e-07
22.635564 -8.904056e-07
22.647777 -8.8757613e-07
22.65999 -8.8475667e-07
22.672203 -8.8194717e-07
22.684416 -8.7914761e-07
22.696629 -8.7635794e-07
22.708842 -8.7357814e-07
22.721055 -8.7080816e-07
22.733268 -8.6804797e-07
22.745481 -8.6529753e-07
22.757694 -8.6255681e-07
22.769907 -8.5982577e-07
22.78212 -8.5710438e-07
22.794333 -8.543926e-07
22.806546 -8.516904e-07
22.818759 -8.4899774e-07
22.830972 -8.4631459e-07
22.843185 -8.4364091e-07
22.855398 -8.4097667e-07
22.867611 -8.3832183e-07
22.879824 -8.3567636e-07
22.892037 -8.3304023e-07
22.90425 -8.3041339e-07
22.916463 -8.2779583e-07
22.928676 -8.2518749e-07
22.940889 -8.2258836e-07
22.953102 -8.1999838e-07
22.965315 -8.1741754e-07
22.977528 -8.148458e-07
22.989741 -8.1228313e-07
23.001954 -8.0972948e-07
23.014167 -8.0718483e-07
23.02638 -8.0464915e-07
23.038593 -8.0212239e-07
23.050806 -7.9960454e-07
23.063019 -7.9709556e-07
23.075232 -7.945954e-07
23.087445 -7.9210405e-07
23.099658 -7.8962147e-07
23.111871 -7.8714762e-07
23.124084 -7.8468248e-07
23.136297 -7.8222601e-07
23.14851 -7.7977818e-07
23.160723 -7.7733896e-07
23.172936 -7.7490831e-07
23.185149 -7.7248621e-07
23.197362 -7.7007262e-07
23.209575 -7.6766752e-07
23.221788 -7.6527086e-07
23.234001 -7.6288263e-07
23.246214 -7.6050278e-07
23.258427 -7.5813129e-07
23.27064 -7.5576812e-07
23.282853 -7.5341325e-07
23.295066 -7.5106665e-07
23.307279 -7.4872828e-07
23.319492 -7.4639811e-07
23.331705 -7.4407611e-07
23.343918 -7.4176226e-07
23.356131 -7.3945652e-07
23.368344 -7.3715887e-07
23.380557 -7.3486926e-07
23.39277 -7.3258768e-07
23.404983 -7.3031409e-07
23.417196 -7.2804847e-07
23.429409 -7.2579078e-07
23.441622 -7.2354099e-07
23.453835 -7.2129908e-07
23.466048 -7.1906501e-07
23.478261 -7.1683876e-07
23.490474 -7.1462029e-07
23.502687 -7.1240959e-07
23.5149 -7.1020661e-07
23.527113 -7.0801134e-07
23.539326 -7.0582374e-07
23.551539 -7.0364378e-07
23.563752 -7.0147144e-07
23.575965 -6.9930668e-07
23.588178 -6.9714948e-07
23.600391 -6.9499981e-07
23.612604 -6.9285765e-07
23.624817 -6.9072296e-07
23.63703 -6.8859572e-07
23.649243 -6.8647589e-07
23.661456 -6.8436346e-07
23.673669 -6.8225839e-07
23.685882 -6.8016066e-07
23.698095 -6.7807023e-07
23.710308 -6.7598709e-07
23.722521 -6.739112e-07
23.734734 -6.7184254e-07
23.746947 -6.6978109e-07
23.75916 -6.677268e-07
23.771373 -6.6567966e-07
23.783586 -6.6363964e-07
23.795799 -6.6160672e-07
23.808012 -6.5958086e-07
23.820225 -6.5756205e-07
23.832438 -6.5555025e-07
23.844651 -6.5354543e-07
23.856864 -6.5154758e-07
23.869077 -6.4955667e-07
23.88129 -6.4757267e-07
23.893503 -6.4559555e-07
23.905716 -6.4362529e-07
23.917929 -6.4166187e-07
23.930142 -6.3970525e-07
23.942355 -6.3775541e-07
23.954568 -6.3581234e-07
23.966781 -6.3387599e-07
23.978994 -6.3194635e-07
23.991207 -6.3002339e-07
24.00342 -6.2810709e-07
24.015633 -6.2619742e-07
24.027846 -6.2429436e-07
24.040059 -6.2239788e-07
24.052272 -6.2050796e-07
24.064485 -6.1862458e-07
24.076698 -6.167477e-07
24.088911 -6.148773e-07
24.101124 -6.1301337e-07
24.113337 -6.1115587e-07
24.12555 -6.0930479e-07
24.137763 -6.0746009e-07
24.149976 -6.0562176e-07
24.162189 -6.0378977e-07
24.174402 -6.0196409e-07
24.186615 -6.0014471e-07
24.198828 -5.983316e-07
24.211041 -5.9652474e-07
24.223254 -5.947241e-07
24.235467 -5.9292965e-07
24.24768 -5.9114139e-07
24.259893 -5.8935928e-07
24.272106 -5.875833e-07
24.284319 -5.8581342e-07
24.296532 -5.8404963e-07
24.308745 -5.8229191e-07
24.320957 -5.8054022e-07
24.33317 -5.7879455e-07
24.345383 -5.7705487e-07
24.357596 -5.7532117e-07
24.369809 -5.7359341e-07
24.382022 -5.7187159e-07
24.394235 -5.7015567e-07
24.406448 -5.6844563e-07
24.418661 -5.6674145e-07
24.430874 -5.6504311e-07
24.443087 -5.6335059e-07
24.4553 -5.6166387e-07
24.467513 -5.5998292e-07
24.479726 -5.5830772e-07
24.491939 -5.5663826e-07
24.504152 -5.549745e-07
24.516365 -5.5331643e-07
24.528578 -5.5166403e-07
24.540791 -5.5001728e-07
24.553004 -5.4837615e-07
24.565217 -5.4674062e-07
24.57743 -5.4511068e-07
24.589643 -5.434863e-07
24.601856 -5.4186746e-07
24.614069 -5.4025414e-07
24.626282 -5.3864632e-07
24.638495 -5.3704399e-07
24.650708 -5.3544711e-07
24.662921 -5.3385567e-07
24.675134 -5.3226964e-07
24.687347 -5.3068902e-07
24.69956 -5.2911378e-07
24.711773 -5.2754389e-07
24.723986 -5.2597934e-07
24.736199 -5.2442011e-07
24.748412 -5.2286618e-07
24.760625 -5.2131752e-07
24.772838 -5.1977413e-07
24.785051 -5.1823597e-07
24.797264 -5.1670304e-07
24.809477 -5.151753e-07
24.82169 -5.1365275e-07
24.833903 -5.1213536e-07
24.846116 -5.1062311e-07
24.858329 -5.0911598e-07
24.870542 -5.0761396e-07
24.882755 -5.0611702e-07
24.894968 -5.0462515e-07
24.907181 -5.0313833e-07
24.919394 -5.0165654e-07
24.931607 -5.0017975e-07
24.94382 -4.9870796e-07
24.956033 -4.9724114e-07
24.968246 -4.9577928e-07
24.980459 -4.9432235e-07
24.992672 -4.9287033e-07
25.004885 -4.9142322e-07
25.017098 -4.8998099e-07
25.029311 -4.8854362e-07
25.041524 -4.871111e-07
25.053737 -4.856834e-07
25.06595 -4.8426051e-07
25.078163 -4.8284241e-07
25.090376 -4.8142909e-07
25.102589 -4.8002052e-07
25.114802 -4.7861669e-07
25.127015 -4.7721758e-07
25.139228 -4.7582317e-07
25.151441 -4.7443345e-07
25.163654 -4.7304839e-07
25.175867 -4.7166799e-07
25.18808 -4.7029222e-07
25.200293 -4.6892106e-07
25.212506 -4.675545e-07
25.224719 -4.6619253e-07
25.236932 -4.6483512e-07
25.249145 -4.6348226e-07
25.261358 -4.6213393e-07
25.273571 -4.6079011e-07
25.285784 -4.5945079e-07
25.297997 -4.5811596e-07
25.31021 -4.5678558e-07
25.322423 -4.5545966e-07
25.334636 -4.5413816e-07
25.346849 -4.5282109e-07
25.359062 -4.5150841e-07
25.371275 -4.5020011e-07
25.383488 -4.4889618e-07
25.395701 -4.4759659e-07
25.407914 -4.4630135e-07
25.420127 -4.4501042e-07
25.43234 -4.4372379e-07
25.444553 -4.4244145e-07
25.456766 -4.4116337e-07
25.468979 -4.3988956e-07
25.481192 -4.3861998e-07
25.493405 -4.3735462e-07
25.505618 -4.3609347e-07
25.517831 -4.3483652e-07
25.530044 -4.3358374e-07
25.542257 -4.3233512e-07
25.55447 -4.3109065e-07
25.566683 -4.298503e-07
25.578896 -4.2861408e-07
25.591109 -4.2738195e-07
25.603322 -4.2615391e-07
25.615535 -4.2492993e-07
25.627748 -4.2371002e-07
25.639961 -4.2249414e-07
25.652174 -4.2128229e-07
25.664387 -4.2007444e-07
25.6766 -4.188706e-07
25.688813 -4.1767073e-07
25.701026 -4.1647483e-07
25.713239 -4.1528288e-07
25.725452 -4.1409487e-07
25.737665 -4.1291078e-07
25.749878 -4.117306e-07
25.762091 -4.1055431e-07
25.774304 -4.093819e-07
25.786517 -4.0821336e-07
25.79873 -4.0704867e-07
25.810943 -4.0588781e-07
25.823156 -4.0473078e-07
25.835369 -4.0357756e-07
25.847582 -4.0242813e-07
25.859795 -4.0128248e-07
25.872008 -4.001406e-07
25.884221 -3.9900247e-07
25.896434 -3.9786808e-07
25.908647 -3.9673742e-07
25.92086 -3.9561047e-07
25.933073 -3.9448721e-07
25.945286 -3.9336765e-07
25.957499 -3.9225175e-07
25.969712 -3.9113951e-07
25.981925 -3.9003092e-07
25.994138 -3.8892596e-07
26.006351 -3.8782461e-07
26.018564 -3.8672687e-07
26.030777 -3.8563272e-07
26.04299 -3.8454215e-07
26.055203 -3.8345515e-07
26.067416 -3.823717e-07
26.079629 -3.8129178e-07
26.091842 -3.802154e-07
26.104055 -3.7914253e-07
26.116268 -3.7807315e-07
26.128481 -3.7700727e-07
26.140694 -3.7594486e-07
26.152907 -3.7488592e-07
26.16512 -3.7383042e-07
26.177333 -3.7277836e-07
26.189546 -3.7172973e-07
26.201759 -3.706845e-07
26.213972 -3.6964268e-07
26.226185 -3.6860425e-07
26.238398 -3.6756919e-07
26.250611 -3.665375e-07
26.262824 -3.6550915e-07
26.275037 -3.6448414e-07
26.28725 -3.6346246e-07
26.299463 -3.624441e-07
26.311676 -3.6142904e-07
26.323889 -3.6041726e-07
26.336102 -3.5940877e-07
26.348315 -3.5840354e-07
26.360528 -3.5740157e-07
26.372741 -3.5640284e-07
26.384954 -3.5540734e-07
26.397167 -3.5441506e-07
26.40938 -3.5342598e-07
26.421593 -3.5244011e-07
26.433806 -3.5145741e-07
26.446019 -3.5047789e-07
26.458232 -3.4950154e-07
26.470445 -3.4852833e-07
26.482658 -3.4755826e-07
26.494871 -3.4659132e-07
26.507084 -3.4562749e-07
26.519297 -3.4466677e-07
26.53151 -3.4370914e-07
26.543723 -3.427546e-07
26.555936 -3.4180312e-07
26.568149 -3.4085471e-07
26.580362 -3.3990934e-07
26.592574 -3.3896701e-07
26.604787 -3.3802771e-07
26.617 -3.3709143e-07
26.629213 -3.3615815e-07
26.641426 -3.3522786e-07
26.653639 -3.3430056e-07
26.665852 -3.3337623e-07
26.678065 -3.3245486e-07
26.690278 -3.3153645e-07
26.702491 -3.3062097e-07
26.714704 -3.2970843e-07
26.726917 -3.2879881e-07
26.73913 -3.2789209e-07
26.751343 -3.2698827e-07
26.763556 -3.2608735e-07
26.775769 -3.251893e-07
26.787982 -3.2429411e-07
26.800195 -3.2340179e-07
26.812408 -3.2251231e-07
26.824621 -3.2162567e-07
26.836834 -3.2074185e-07
26.849047 -3.1986085e-07
26.86126 -3.1898266e-07
26.873473 -3.1810727e-07
26.885686 -3.1723466e-07
26.897899 -3.1636483e-07
26.910112 -3.1549776e-07
26.922325 -3.1463345e-07
26.934538 -3.1377189e-07
26.946751 -3.1291306e-07
26.958964 -3.1205696e-07
26.971177 -3.1120358e-07
26.98339 -3.103529e-07
26.995603 -3.0950493e-07
27.007816 -3.0865964e-07
27.020029 -3.0781703e-07
27.032242 -3.0697709e-07
27.044455 -3.0613981e-07
27.056668 -3.0530518e-07
27.068881 -3.0447319e-07
27.081094 -3.0364383e-07
27.093307 -3.0281709e-07
27.10552 -3.0199297e-07
27.117733 -3.0117144e-07
27.129946 -3.0035252e-07
27.142159 -2.9953617e-07
27.154372 -2.9872241e-07
27.166585 -2.9791121e-07
27.178798 -2.9710256e-07
27.191011 -2.9629647e-07
27.203224 -2.9549291e-07
27.215437 -2.9469188e-07
27.22765 -2.9389338e-07
27.239863 -2.9309738e-07
27.252076 -2.9230389e-07
27.264289 -2.915129e-07
27.276502 -2.9072439e-07
27.288715 -2.8993835e-07
27.300928 -2.8915479e-07
27.313141 -2.8837368e-07
27.325354 -2.8759502e-07
27.337567 -2.8681881e-07
27.34978 -2.8604503e-07
27.361993 -2.8527367e-07
27.374206 -2.8450473e-07
27.386419 -2.837382e-07
27.398632 -2.8297406e-07
27.410845 -2.8221232e-07
27.423058 -2.8145295e-07
27.435271 -2.8069596e-07
27.447484 -2.7994134e-07
27.459697 -2.7918907e-07
27.47191 -2.7843916e-07
27.484123 -2.7769158e-07
27.496336 -2.7694633e-07
27.508549 -2.7620341e-07
27.520762 -2.754628e-07
27.532975 -2.747245e-07
27.545188 -2.739885e-07
27.557401 -2.7325479e-07
27.569614 -2.7252337e-07
27.581827 -2.7179421e-07
27.59404 -2.7106733e-07
27.606253 -2.7034271e-07
27.618466 -2.6962033e-07
27.630679 -2.689002e-07
27.642892 -2.6818231e-07
27.655105 -2.6746664e-07
27.667318 -2.6675319e-07
27.679531 -2.6604196e-07
27.691744 -2.6533292e-07
27.703957 -2.6462609e-07
27.71617 -2.6392144e-07
27.728383 -2.6321898e-07
27.740596 -2.6251869e-07
27.752809 -2.6182056e-07
27.765022 -2.6112459e-07
27.777235 -2.6043078e-07
27.789448 -2.597391e-07
27.801661 -2.5904957e-07
27.813874 -2.5836216e-07
27.826087 -2.5767687e-07
27.8383 -2.5699369e-07
27.850513 -2.5631262e-07
27.862726 -2.5563365e-07
27.874939 -2.5495677e-07
27.887152 -2.5428198e-07
27.899365 -2.5360926e-07
27.911578 -2.5293861e-07
27.923791 -2.5227003e-07
27.936004 -2.516035e-07
27.948217 -2.5093901e-07
27.96043 -2.5027657e-07
27.972643 -2.4961616e-07
27.984856 -2.4895778e-07
27.997069 -2.4830142e-07
28.009282 -2.4764707e-07
28.021495 -2.4699473e-07
28.033708 -2.4634438e-07
28.045921 -2.4569603e-07
28.058134 -2.4504966e-07
28.070347 -2.4440527e-07
28.08256 -2.4376285e-07
28.094773 -2.431224e-07
28.106986 -2.424839e-07
28.119199 -2.4184736e-07
28.131412 -2.4121275e-07
28.143625 -2.4058009e-07
28.155838 -2.3994935e-07
28.168051 -2.3932054e-07
28.180264 -2.3869365e-07
28.192477 -2.3806867e-07
28.20469 -2.3744559e-07
28.216903 -2.3682441e-07
28.229116 -2.3620512e-07
28.241329 -2.3558771e-07
28.253542 -2.3497218e-07
28.265755 -2.3435853e-07
28.277968 -2.3374673e-07
28.290181 -2.331368e-07
28.302394 -2.3252872e-07
28.314607 -2.3192248e-07
28.32682 -2.3131809e-07
28.339033 -2.3071552e-07
28.351246 -2.3011479e-07
28.363459 -2.2951587e-07
28.375672 -2.2891877e-07
28.387885 -2.2832347e-07
28.400098 -2.2772998e-07
28.412311 -2.2713828e-07
28.424524 -2.2654838e-07
28.436737 -2.2596025e-07
28.44895 -2.2537391e-07
28.461163 -2.2478933e-07
28.473376 -2.2420652e-07
28.485589 -2.2362547e-07
28.497802 -2.2304617e-07
28.510015 -2.2246861e-07
28.522228 -2.218928e-07
28.534441 -2.2131873e-07
28.546654 -2.2074638e-07
28.558867 -2.2017575e-07
28.57108 -2.1960685e-07
28.583293 -2.1903965e-07
28.595506 -2.1847416e-07
28.607719 -2.1791037e-07
28.619932 -2.1734827e-07
28.632145 -2.1678787e-07
28.644358 -2.1622914e-07
28.656571 -2.1567209e-07
28.668784 -2.1511671e-07
28.680997 -2.14563e-07
28.69321 -2.1401094e-07
28.705423 -2.1346054e-07
28.717636 -2.1291179e-07
28.729849 -2.1236468e-07
28.742062 -2.1181921e-07
28.754275 -2.1127537e-07
28.766488 -2.1073316e-07
28.778701 -2.1019256e-07
28.790914 -2.0965358e-07
28.803127 -2.0911621e-07
28.81534 -2.0858045e-07
28.827553 -2.0804628e-07
28.839766 -2.0751371e-07
28.851979 -2.0698272e-07
28.864191 -2.0645332e-07
28.876404 -2.0592549e-07
28.888617 -2.0539923e-07
28.90083 -2.0487454e-07
28.913043 -2.0435142e-07
28.925256 -2.0382985e-07
28.937469 -2.0330982e-07
28.949682 -2.0279135e-07
28.961895 -2.0227441e-07
28.974108 -2.0175901e-07
28.986321 -2.0124514e-07
28.998534 -2.0073279e-07
29.010747 -2.0022196e-07
29.02296 -1.9971265e-07
29.035173 -1.9920485e-07
29.047386 -1.9869855e-07
29.059599 -1.9819375e-07
29.071812 -1.9769044e-07
29.084025 -1.9718862e-07
29.096238 -1.9668829e-07
29.108451 -1.9618943e-07
29.120664 -1.9569205e-07
29.132877 -1.9519614e-07
29.14509 -1.9470169e-07
29.157303 -1.942087e-07
29.169516 -1.9371717e-07
29.181729 -1.9322708e-07
29.193942 -1.9273844e-07
29.206155 -1.9225124e-07
29.218368 -1.9176547e-07
29.230581 -1.9128114e-07
29.242794 -1.9079823e-07
29.255007 -1.9031674e-07
29.26722 -1.8983666e-07
29.279433 -1.89358e-07
29.291646 -1.8888074e-07
29.303859 -1.8840488e-07
29.316072 -1.8793043e-07
29.328285 -1.8745736e-07
29.340498 -1.8698568e-07
29.352711 -1.8651538e-07
29.364924 -1.8604647e-07
29.377137 -1.8557892e-07
29.38935 -1.8511275e-07
29.401563 -1.8464794e-07
29.413776 -1.8418449e-07
29.425989 -1.8372239e-07
29.438202 -1.8326165e-07
29.450415 -1.8280225e-07
29.462628 -1.823442e-07
29.474841 -1.8188748e-07
29.487054 -1.814321e-07
29.499267 -1.8097804e-07
29.51148 -1.8052531e-07
29.523693 -1.800739e-07
29.535906 -1.796238e-07
29.548119 -1.7917502e-07
29.560332 -1.7872754e-07
29.572545 -1.7828137e-07
29.584758 -1.7783649e-07
29.596971 -1.7739291e-07
29.609184 -1.7695061e-07
29.621397 -1.7650961e-07
29.63361 -1.7606988e-07
29.645823 -1.7563143e-07
29.658036 -1.7519425e-07
29.670249 -1.7475834e-07
29.682462 -1.743237e-07
29.694675 -1.7389031e-07
29.706888 -1.7345818e-07
29.719101 -1.7302731e-07
29.731314 -1.7259768e-07
29.743527 -1.7216929e-07
29.75574 -1.7174214e-07
29.767953 -1.7131623e-07
29.780166 -1.7089155e-07
29.792379 -1.704681e-07
29.804592 -1.7004587e-07
29.816805 -1.6962486e-07
29.829018 -1.6920506e-07
29.841231 -1.6878648e-07
29.853444 -1.683691e-07
29.865657 -1.6795293e-07
29.87787 -1.6753795e-07
29.890083 -1.6712417e-07
29.902296 -1.6671158e-07
29.914509 -1.6630018e-07
29.926722 -1.6588997e-07
29.938935 -1.6548093e-07
29.951148 -1.6507307e-07
29.963361 -1.6466638e-07
29.975574 -1.6426086e-07
29.987787 -1.638565e-07
30 -1.634533e-07

