5 0.0040027278
5.012213 0.0039806955
5.024426 0.0039585653
5.036639 0.0039363417
5.048852 0.003914029
5.061065 0.0038916316
5.073278 0.0038691538
5.085491 0.0038465996
5.097704 0.0038239733
5.109917 0.0038012789
5.1221299 0.0037785205
5.1343429 0.003755702
5.1465559 0.0037328275
5.1587689 0.0037099007
5.1709819 0.0036869257
5.1831949 0.003663906
5.1954079 0.0036408456
5.2076209 0.0036177482
5.2198339 0.0035946174
5.2320469 0.0035714568
5.2442599 0.0035482701
5.2564729 0.0035250607
5.2686859 0.0035018322
5.2808989 0.003478588
5.2931119 0.0034553316
5.3053249 0.0034320663
5.3175379 0.0034087954
5.3297509 0.0033855222
5.3419638 0.00336225
5.3541768 0.0033389818
5.3663898 0.003315721
5.3786028 0.0032924705
5.3908158 0.0032692334
5.4030288 0.0032460127
5.4152418 0.0032228114
5.4274548 0.0031996324
5.4396678 0.0031764786
5.4518808 0.0031533527
5.4640938 0.0031302575
5.4763068 0.0031071958
5.4885198 0.0030841703
5.5007328 0.0030611835
5.5129458 0.0030382381
5.5251588 0.0030153365
5.5373718 0.0029924814
5.5495848 0.002969675
5.5617978 0.0029469198
5.5740107 0.0029242182
5.5862237 0.0029015724
5.5984367 0.0028789846
5.6106497 0.0028564572
5.6228627 0.0028339922
5.6350757 0.0028115917
5.6472887 0.0027892578
5.6595017 0.0027669926
5.6717147 0.0027447979
5.6839277 0.0027226756
5.6961407 0.0027006278
5.7083537 0.0026786561
5.7205667 0.0026567624
5.7327797 0.0026349484
5.7449927 0.0026132157
5.7572057 0.0025915661
5.7694187 0.0025700011
5.7816317 0.0025485223
5.7938447 0.0025271312
5.8060576 0.0025058292
5.8182706 0.0024846178
5.8304836 0.0024634983
5.8426966 0.0024424721
5.8549096 0.0024215405
5.8671226 0.0024007048
5.8793356 0.0023799661
5.8915486 0.0023593256
5.9037616 0.0023387845
5.9159746 0.0023183438
5.9281876 0.0022980047
5.9404006 0.002277768
5.9526136 0.0022576349
5.9648266 0.0022376061
5.9770396 0.0022176827
5.9892526 0.0021978655
6.0014656 0.0021781553
6.0136786 0.0021585529
6.0258915 0.0021390591
6.0381045 0.0021196746
6.0503175 0.0021004
6.0625305 0.0020812361
6.0747435 0.0020621834
6.0869565 0.0020432425
6.0991695 0.0020244141
6.1113825 0.0020056986
6.1235955 0.0019870964
6.1358085 0.0019686082
6.1480215 0.0019502342
6.1602345 0.001931975
6.1724475 0.0019138308
6.1846605 0.0018958021
6.1968735 0.0018778891
6.2090865 0.0018600922
6.2212995 0.0018424115
6.2335125 0.0018248474
6.2457255 0.0018074
6.2579384 0.0017900696
6.2701514 0.0017728563
6.2823644 0.0017557602
6.2945774 0.0017387814
6.3067904 0.0017219201
6.3190034 0.0017051762
6.3312164 0.0016885499
6.3434294 0.0016720412
6.3556424 0.00165565
6.3678554 0.0016393764
6.3800684 0.0016232203
6.3922814 0.0016071817
6.4044944 0.0015912604
6.4167074 0.0015754564
6.4289204 0.0015597695
6.4411334 0.0015441997
6.4533464 0.0015287467
6.4655594 0.0015134105
6.4777723 0.0014981907
6.4899853 0.0014830872
6.5021983 0.0014680998
6.5144113 0.0014532283
6.5266243 0.0014384724
6.5388373 0.0014238318
6.5510503 0.0014093062
6.5632633 0.0013948954
6.5754763 0.0013805991
6.5876893 0.0013664169
6.5999023 0.0013523485
6.6121153 0.0013383936
6.6243283 0.0013245517
6.6365413 0.0013108226
6.6487543 0.0012972058
6.6609673 0.001283701
6.6731803 0.0012703078
6.6853933 0.0012570257
6.6976063 0.0012438543
6.7098192 0.0012307931
6.7220322 0.0012178419
6.7342452 0.001205
6.7464582 0.0011922671
6.7586712 0.0011796426
6.7708842 0.0011671261
6.7830972 0.0011547171
6.7953102 0.0011424151
6.8075232 0.0011302197
6.8197362 0.0011181302
6.8319492 0.0011061462
6.8441622 0.0010942673
6.8563752 0.0010824927
6.8685882 0.0010708221
6.8808012 0.0010592549
6.8930142 0.0010477905
6.9052272 0.0010364283
6.9174402 0.001025168
6.9296532 0.0010140088
6.9418661 0.0010029502
6.9540791 0.00099199167
6.9662921 0.00098113262
6.9785051 0.00097037248
6.9907181 0.00095971067
7.0029311 0.0009491466
7.0151441 0.00093867969
7.0273571 0.00092830936
7.0395701 0.00091803501
7.0517831 0.00090785605
7.0639961 0.00089777189
7.0762091 0.00088778192
7.0884221 0.00087788554
7.1006351 0.00086808216
7.1128481 0.00085837117
7.1250611 0.00084875197
7.1372741 0.00083922393
7.1494871 0.00082978647
7.1617 0.00082043897
7.173913 0.00081118081
7.186126 0.00080201139
7.198339 0.00079293009
7.210552 0.00078393631
7.222765 0.00077502942
7.234978 0.00076620882
7.247191 0.00075747388
7.259404 0.00074882401
7.271617 0.00074025857
7.28383 0.00073177697
7.296043 0.00072337858
7.308256 0.00071506279
7.320469 0.000706829
7.332682 0.00069867658
7.344895 0.00069060493
7.357108 0.00068261343
7.369321 0.00067470149
7.381534 0.00066686848
7.3937469 0.0006591138
7.4059599 0.00065143685
7.4181729 0.00064383702
7.4303859 0.00063631371
7.4425989 0.00062886631
7.4548119 0.00062149423
7.4670249 0.00061419686
7.4792379 0.0006069736
7.4914509 0.00059982387
7.5036639 0.00059274707
7.5158769 0.00058574261
7.5280899 0.00057880989
7.5403029 0.00057194833
7.5525159 0.00056515735
7.5647289 0.00055843635
7.5769419 0.00055178476
7.5891549 0.000545202
7.6013679 0.00053868749
7.6135809 0.00053224066
7.6257938 0.00052586093
7.6380068 0.00051954774
7.6502198 0.00051330051
7.6624328 0.00050711869
7.6746458 0.00050100171
7.6868588 0.000494949
7.6990718 0.00048896002
7.7112848 0.00048303421
7.7234978 0.00047717102
7.7357108 0.0004713699
7.7479238 0.0004656303
7.7601368 0.00045995168
7.7723498 0.0004543335
7.7845628 0.00044877523
7.7967758 0.00044327632
7.8089888 0.00043783624
7.8212018 0.00043245448
7.8334148 0.0004271305
7.8456277 0.00042186378
7.8578407 0.00041665379
7.8700537 0.00041150004
7.8822667 0.00040640199
7.8944797 0.00040135914
7.9066927 0.00039637099
7.9189057 0.00039143702
7.9311187 0.00038655674
7.9433317 0.00038172966
7.9555447 0.00037695527
7.9677577 0.00037223308
7.9799707 0.00036756261
7.9921837 0.00036294337
8.0043967 0.00035837487
8.0166097 0.00035385665
8.0288227 0.00034938823
8.0410357 0.00034496912
8.0532487 0.00034059887
8.0654617 0.00033627701
8.0776746 0.00033200307
8.0898876 0.0003277766
8.1021006 0.00032359714
8.1143136 0.00031946424
8.1265266 0.00031537744
8.1387396 0.00031133631
8.1509526 0.00030734039
8.1631656 0.00030338925
8.1753786 0.00029948245
8.1875916 0.00029561957
8.1998046 0.00029180016
8.2120176 0.0002880238
8.2242306 0.00028429007
8.2364436 0.00028059854
8.2486566 0.00027694881
8.2608696 0.00027334045
8.2730826 0.00026977306
8.2852956 0.00026624622
8.2975085 0.00026275954
8.3097215 0.00025931261
8.3219345 0.00025590503
8.3341475 0.00025253642
8.3463605 0.00024920636
8.3585735 0.00024591449
8.3707865 0.00024266041
8.3829995 0.00023944374
8.3952125 0.0002362641
8.4074255 0.00023312111
8.4196385 0.00023001441
8.4318515 0.00022694362
8.4440645 0.00022390837
8.4562775 0.00022090831
8.4684905 0.00021794306
8.4807035 0.00021501228
8.4929165 0.00021211561
8.5051295 0.00020925269
8.5173425 0.00020642318
8.5295554 0.00020362673
8.5417684 0.000200863
8.5539814 0.00019813165
8.5661944 0.00019543234
8.5784074 0.00019276473
8.5906204 0.00019012851
8.6028334 0.00018752333
8.6150464 0.00018494888
8.6272594 0.00018240483
8.6394724 0.00017989086
8.6516854 0.00017740665
8.6638984 0.0001749519
8.6761114 0.00017252628
8.6883244 0.0001701295
8.7005374 0.00016776124
8.7127504 0.0001654212
8.7249634 0.00016310909
8.7371764 0.0001608246
8.7493894 0.00015856745
8.7616023 0.00015633733
8.7738153 0.00015413396
8.7860283 0.00015195706
8.7982413 0.00014980633
8.8104543 0.0001476815
8.8226673 0.0001455823
8.8348803 0.00014350843
8.8470933 0.00014145963
8.8593063 0.00013943564
8.8715193 0.00013743617
8.8837323 0.00013546096
8.8959453 0.00013350976
8.9081583 0.00013158229
8.9203713 0.00012967831
8.9325843 0.00012779755
8.9447973 0.00012593977
8.9570103 0.0001241047
8.9692233 0.0001222921
8.9814362 0.00012050173
8.9936492 0.00011873334
9.0058622 0.00011698669
9.0180752 0.00011526154
9.0302882 0.00011355765
9.0425012 0.00011187479
9.0547142 0.00011021273
9.0669272 0.00010857123
9.0791402 0.00010695007
9.0913532 0.00010534902
9.1035662 0.00010376786
9.1157792 0.00010220636
9.1279922 0.00010066432
9.1402052 9.9141501e-05
9.1524182 9.7637703e-05
9.1646312 9.6152707e-05
9.1768442 9.4686305e-05
9.1890572 9.3238288e-05
9.2012702 9.1808448e-05
9.2134831 9.0396583e-05
9.2256961 8.9002489e-05
9.2379091 8.7625966e-05
9.2501221 8.6266817e-05
9.2623351 8.4924844e-05
9.2745481 8.3599854e-05
9.2867611 8.2291654e-05
9.2989741 8.1000054e-05
9.3111871 7.9724865e-05
9.3234001 7.8465902e-05
9.3356131 7.7222979e-05
9.3478261 7.5995914e-05
9.3600391 7.4784525e-05
9.3722521 7.3588634e-05
9.3844651 7.2408064e-05
9.3966781 7.124264e-05
9.4088911 7.0092187e-05
9.4211041 6.8956534e-05
9.433317 6.7835511e-05
9.44553 6.672895e-05
9.457743 6.5636685e-05
9.469956 6.455855e-05
9.482169 6.3494382e-05
9.494382 6.2444021e-05
9.506595 6.1407306e-05
9.518808 6.038408e-05
9.531021 5.9374185e-05
9.543234 5.8377469e-05
9.555447 5.7393777e-05
9.56766 5.6422957e-05
9.579873 5.5464861e-05
9.592086 5.4519339e-05
9.604299 5.3586245e-05
9.616512 5.2665434e-05
9.628725 5.1756762e-05
9.640938 5.0860088e-05
9.653151 4.9975269e-05
9.6653639 4.9102168e-05
9.6775769 4.8240646e-05
9.6897899 4.7390567e-05
9.7020029 4.6551798e-05
9.7142159 4.5724203e-05
9.7264289 4.4907652e-05
9.7386419 4.4102014e-05
9.7508549 4.3307161e-05
9.7630679 4.2522963e-05
9.7752809 4.1749295e-05
9.7874939 4.0986033e-05
9.7997069 4.0233052e-05
9.8119199 3.949023e-05
9.8241329 3.8757447e-05
9.8363459 3.8034582e-05
9.8485589 3.7321518e-05
9.8607719 3.6618137e-05
9.8729849 3.5924323e-05
9.8851979 3.5239963e-05
9.8974108 3.4564943e-05
9.9096238 3.389915e-05
9.9218368 3.3242474e-05
9.9340498 3.2594806e-05
9.9462628 3.1956037e-05
9.9584758 3.1326059e-05
9.9706888 3.0704768e-05
9.9829018 3.0092057e-05
9.9951148 2.9487823e-05
10.007328 2.8891965e-05
10.019541 2.8304379e-05
10.031754 2.7724967e-05
10.043967 2.7153628e-05
10.05618 2.6590265e-05
10.068393 2.603478e-05
10.080606 2.5487078e-05
10.092819 2.4947064e-05
10.105032 2.4414644e-05
10.117245 2.3889725e-05
10.129458 2.3372216e-05
10.141671 2.2862025e-05
10.153884 2.2359064e-05
10.166097 2.1863242e-05
10.17831 2.1374474e-05
10.190523 2.0892671e-05
10.202736 2.0417749e-05
10.214949 1.9949622e-05
10.227162 1.9488206e-05
10.239375 1.9033419e-05
10.251588 1.8585179e-05
10.263801 1.8143404e-05
10.276014 1.7708015e-05
10.288227 1.7278932e-05
10.30044 1.6856078e-05
10.312653 1.6439373e-05
10.324866 1.6028743e-05
10.337079 1.5624111e-05
10.349292 1.5225403e-05
10.361505 1.4832544e-05
10.373718 1.4445461e-05
10.385931 1.4064083e-05
10.398144 1.3688337e-05
10.410357 1.3318153e-05
10.42257 1.2953461e-05
10.434783 1.2594192e-05
10.446996 1.2240278e-05
10.459209 1.1891651e-05
10.471422 1.1548245e-05
10.483635 1.1209993e-05
10.495848 1.0876831e-05
10.508061 1.0548694e-05
10.520274 1.0225518e-05
10.532487 9.9072404e-06
10.5447 9.5937992e-06
10.556913 9.2851326e-06
10.569126 8.9811798e-06
10.581339 8.6818808e-06
10.593552 8.3871761e-06
10.605765 8.0970071e-06
10.617978 7.8113157e-06
10.630191 7.5300446e-06
10.642404 7.253137e-06
10.654617 6.980537e-06
10.66683 6.7121892e-06
10.679043 6.4480389e-06
10.691255 6.1880319e-06
10.703468 5.9321148e-06
10.715681 5.6802348e-06
10.727894 5.4323397e-06
10.740107 5.1883779e-06
10.75232 4.9482983e-06
10.764533 4.7120506e-06
10.776746 4.479585e-06
10.788959 4.2508523e-06
10.801172 4.0258037e-06
10.813385 3.8043914e-06
10.825598 3.5865677e-06
10.837811 3.3722857e-06
10.850024 3.1614991e-06
10.862237 2.954162e-06
10.87445 2.7502291e-06
10.886663 2.5496557e-06
10.898876 2.3523975e-06
10.911089 2.1584109e-06
10.923302 1.9676526e-06
10.935515 1.7800801e-06
10.947728 1.5956511e-06
10.959941 1.414324e-06
10.972154 1.2360576e-06
10.984367 1.0608113e-06
10.99658 8.8854496e-07
11.008793 7.1921878e-07
11.021006 5.5279357e-07
11.033219 3.8923059e-07
11.045432 2.2849153e-07
11.057645 7.0538587e-08
11.069858 -8.466563e-08
11.082071 -2.3715804e-07
11.094284 -3.8697512e-07
11.106497 -5.3415292e-07
11.11871 -6.7872703e-07
11.130923 -8.2073264e-07
11.143136 -9.6020449e-07
11.155349 -1.0971769e-06
11.167562 -1.2316838e-06
11.179775 -1.3637587e-06
11.191988 -1.4934347e-06
11.204201 -1.6207445e-06
11.216414 -1.7457204e-06
11.228627 -1.8683943e-06
11.24084 -1.9887976e-06
11.253053 -2.1069616e-06
11.265266 -2.222917e-06
11.277479 -2.3366942e-06
11.289692 -2.4483231e-06
11.301905 -2.5578335e-06
11.314118 -2.6652545e-06
11.326331 -2.7706152e-06
11.338544 -2.873944e-06
11.350757 -2.9752692e-06
11.36297 -3.0746186e-06
11.375183 -3.1720199e-06
11.387396 -3.2675001e-06
11.399609 -3.3610861e-06
11.411822 -3.4528044e-06
11.424035 -3.5426812e-06
11.436248 -3.6307425e-06
11.448461 -3.7170136e-06
11.460674 -3.8015199e-06
11.472887 -3.8842863e-06
11.4851 -3.9653374e-06
11.497313 -4.0446975e-06
11.509526 -4.1223905e-06
11.521739 -4.1984403e-06
11.533952 -4.2728702e-06
11.546165 -4.3457033e-06
11.558378 -4.4169624e-06
11.570591 -4.4866701e-06
11.582804 -4.5548487e-06
11.595017 -4.6215201e-06
11.60723 -4.6867061e-06
11.619443 -4.750428e-06
11.631656 -4.8127071e-06
11.643869 -4.8735642e-06
11.656082 -4.9330199e-06
11.668295 -4.9910948e-06
11.680508 -5.0478088e-06
11.692721 -5.1031819e-06
11.704934 -5.1572336e-06
11.717147 -5.2099833e-06
11.72936 -5.2614502e-06
11.741573 -5.3116532e-06
11.753786 -5.3606108e-06
11.765999 -5.4083414e-06
11.778212 -5.4548634e-06
11.790425 -5.5001945e-06
11.802638 -5.5443525e-06
11.814851 -5.5873549e-06
11.827064 -5.629219e-06
11.839277 -5.6699618e-06
11.85149 -5.7096001e-06
11.863703 -5.7481505e-06
11.875916 -5.7856295e-06
11.888129 -5.8220531e-06
11.900342 -5.8574375e-06
11.912555 -5.8917983e-06
11.924768 -5.9251512e-06
11.936981 -5.9575115e-06
11.949194 -5.9888944e-06
11.961407 -6.0193148e-06
11.97362 -6.0487876e-06
11.985833 -6.0773274e-06
11.998046 -6.1049485e-06
12.010259 -6.1316651e-06
12.022472 -6.1574914e-06
12.034685 -6.182441e-06
12.046898 -6.2065278e-06
12.059111 -6.2297653e-06
12.071324 -6.2521666e-06
12.083537 -6.273745e-06
12.09575 -6.2945134e-06
12.107963 -6.3144847e-06
12.120176 -6.3336715e-06
12.132389 -6.3520862e-06
12.144602 -6.3697412e-06
12.156815 -6.3866485e-06
12.169028 -6.4028203e-06
12.181241 -6.4182682e-06
12.193454 -6.433004e-06
12.205667 -6.4470392e-06
12.21788 -6.4603852e-06
12.230093 -6.4730532e-06
12.242306 -6.4850541e-06
12.254519 -6.4963991e-06
12.266732 -6.5070987e-06
12.278945 -6.5171637e-06
12.291158 -6.5266046e-06
12.303371 -6.5354317e-06
12.315584 -6.5436552e-06
12.327797 -6.5512851e-06
12.34001 -6.5583315e-06
12.352223 -6.5648041e-06
12.364436 -6.5707127e-06
12.376649 -6.5760667e-06
12.388862 -6.5808755e-06
12.401075 -6.5851485e-06
12.413288 -6.5888949e-06
12.425501 -6.5921236e-06
12.437714 -6.5948437e-06
12.449927 -6.5970638e-06
12.46214 -6.5987927e-06
12.474353 -6.6000389e-06
12.486566 -6.6008109e-06
12.498779 -6.601117e-06
12.510992 -6.6009654e-06
12.523205 -6.6003643e-06
12.535418 -6.5993216e-06
12.547631 -6.5978453e-06
12.559844 -6.595943e-06
12.572057 -6.5936225e-06
12.58427 -6.5908913e-06
12.596483 -6.5877569e-06
12.608696 -6.5842267e-06
12.620909 -6.5803079e-06
12.633122 -6.5760076e-06
12.645335 -6.571333e-06
12.657548 -6.5662909e-06
12.669761 -6.5608883e-06
12.681974 -6.555132e-06
12.694187 -6.5490285e-06
12.7064 -6.5425845e-06
12.718613 -6.5358064e-06
12.730826 -6.5287008e-06
12.743039 -6.5212738e-06
12.755252 -6.5135316e-06
12.767465 -6.5054806e-06
12.779678 -6.4971265e-06
12.791891 -6.4884756e-06
12.804104 -6.4795335e-06
12.816317 -6.4703061e-06
12.82853 -6.4607992e-06
12.840743 -6.4510183e-06
12.852956 -6.4409691e-06
12.865169 -6.4306569e-06
12.877382 -6.4200871e-06
12.889595 -6.4092652e-06
12.901808 -6.3981963e-06
12.914021 -6.3868856e-06
12.926234 -6.3753382e-06
12.938447 -6.3635591e-06
12.95066 -6.3515533e-06
12.962872 -6.3393256e-06
12.975085 -6.3268808e-06
12.987298 -6.3142238e-06
12.999511 -6.301359e-06
13.011724 -6.2882912e-06
13.023937 -6.2750249e-06
13.03615 -6.2615645e-06
13.048363 -6.2479145e-06
13.060576 -6.2340791e-06
13.072789 -6.2200627e-06
13.085002 -6.2058695e-06
13.097215 -6.1915036e-06
13.109428 -6.176969e-06
13.121641 -6.1622699e-06
13.133854 -6.1474102e-06
13.146067 -6.1323938e-06
13.15828 -6.1172245e-06
13.170493 -6.1019062e-06
13.182706 -6.0864426e-06
13.194919 -6.0708373e-06
13.207132 -6.055094e-06
13.219345 -6.0392162e-06
13.231558 -6.0232076e-06
13.243771 -6.0070714e-06
13.255984 -5.9908112e-06
13.268197 -5.9744304e-06
13.28041 -5.9579321e-06
13.292623 -5.9413197e-06
13.304836 -5.9245964e-06
13.317049 -5.9077653e-06
13.329262 -5.8908296e-06
13.341475 -5.8737923e-06
13.353688 -5.8566564e-06
13.365901 -5.8394249e-06
13.378114 -5.8221008e-06
13.390327 -5.8046868e-06
13.40254 -5.7871859e-06
13.414753 -5.7696008e-06
13.426966 -5.7519343e-06
13.439179 -5.734189e-06
13.451392 -5.7163677e-06
13.463605 -5.698473e-06
13.475818 -5.6805073e-06
13.488031 -5.6624734e-06
13.500244 -5.6443736e-06
13.512457 -5.6262104e-06
13.52467 -5.6079862e-06
13.536883 -5.5897035e-06
13.549096 -5.5713645e-06
13.561309 -5.5529715e-06
13.573522 -5.5345269e-06
13.585735 -5.5160329e-06
13.597948 -5.4974915e-06
13.610161 -5.4789051e-06
13.622374 -5.4602757e-06
13.634587 -5.4416054e-06
13.6468 -5.4228962e-06
13.659013 -5.4041503e-06
13.671226 -5.3853694e-06
13.683439 -5.3665558e-06
13.695652 -5.3477111e-06
13.707865 -5.3288374e-06
13.720078 -5.3099364e-06
13.732291 -5.29101e-06
13.744504 -5.2720601e-06
13.756717 -5.2530883e-06
13.76893 -5.2340964e-06
13.781143 -5.2150861e-06
13.793356 -5.196059e-06
13.805569 -5.1770169e-06
13.817782 -5.1579614e-06
13.829995 -5.1388939e-06
13.842208 -5.1198162e-06
13.854421 -5.1007297e-06
13.866634 -5.0816359e-06
13.878847 -5.0625363e-06
13.89106 -5.0434325e-06
13.903273 -5.0243257e-06
13.915486 -5.0052174e-06
13.927699 -4.986109e-06
13.939912 -4.9670019e-06
13.952125 -4.9478974e-06
13.964338 -4.9287967e-06
13.976551 -4.9097012e-06
13.988764 -4.8906121e-06
14.000977 -4.8715307e-06
14.01319 -4.8524582e-06
14.025403 -4.8333957e-06
14.037616 -4.8143445e-06
14.049829 -4.7953057e-06
14.062042 -4.7762804e-06
14.074255 -4.7572697e-06
14.086468 -4.7382747e-06
14.098681 -4.7192965e-06
14.110894 -4.7003361e-06
14.123107 -4.6813945e-06
14.13532 -4.6624728e-06
14.147533 -4.6435718e-06
14.159746 -4.6246927e-06
14.171959 -4.6058363e-06
14.184172 -4.5870036e-06
14.196385 -4.5681955e-06
14.208598 -4.5494128e-06
14.220811 -4.5306564e-06
14.233024 -4.5119273e-06
14.245237 -4.4932262e-06
14.25745 -4.4745539e-06
14.269663 -4.4559113e-06
14.281876 -4.4372991e-06
14.294089 -4.4187182e-06
14.306302 -4.4001692e-06
14.318515 -4.3816529e-06
14.330728 -4.3631701e-06
14.342941 -4.3447214e-06
14.355154 -4.3263076e-06
14.367367 -4.3079293e-06
14.37958 -4.2895871e-06
14.391793 -4.2712818e-06
14.404006 -4.253014e-06
14.416219 -4.2347842e-06
14.428432 -4.2165932e-06
14.440645 -4.1984414e-06
14.452858 -4.1803295e-06
14.465071 -4.162258e-06
14.477284 -4.1442275e-06
14.489497 -4.1262385e-06
14.50171 -4.1082916e-06
14.513923 -4.0903872e-06
14.526136 -4.072526e-06
14.538349 -4.0547082e-06
14.550562 -4.0369345e-06
14.562775 -4.0192054e-06
14.574988 -4.0015211e-06
14.587201 -3.9838823e-06
14.599414 -3.9662893e-06
14.611627 -3.9487426e-06
14.62384 -3.9312425e-06
14.636053 -3.9137895e-06
14.648266 -3.896384e-06
14.660479 -3.8790263e-06
14.672692 -3.8617168e-06
14.684905 -3.8444558e-06
14.697118 -3.8272438e-06
14.709331 -3.810081e-06
14.721544 -3.7929678e-06
14.733757 -3.7759044e-06
14.74597 -3.7588913e-06
14.758183 -3.7419287e-06
14.770396 -3.7250169e-06
14.782609 -3.7081561e-06
14.794822 -3.6913467e-06
14.807035 -3.6745889e-06
14.819248 -3.657883e-06
14.831461 -3.6412291e-06
14.843674 -3.6246277e-06
14.855887 -3.6080788e-06
14.8681 -3.5915828e-06
14.880313 -3.5751398e-06
14.892526 -3.55875e-06
14.904739 -3.5424136e-06
14.916952 -3.5261309e-06
14.929165 -3.509902e-06
14.941378 -3.4937271e-06
14.953591 -3.4776063e-06
14.965804 -3.4615399e-06
14.978017 -3.445528e-06
14.99023 -3.4295707e-06
15.002443 -3.4136681e-06
15.014656 -3.3978205e-06
15.026869 -3.3820279e-06
15.039082 -3.3662905e-06
15.051295 -3.3506084e-06
15.063508 -3.3349817e-06
15.075721 -3.3194105e-06
15.087934 -3.3038949e-06
15.100147 -3.288435e-06
15.11236 -3.2730309e-06
15.124573 -3.2576826e-06
15.136786 -3.2423903e-06
15.148999 -3.2271541e-06
15.161212 -3.2119738e-06
15.173425 -3.1968498e-06
15.185638 -3.1817819e-06
15.197851 -3.1667703e-06
15.210064 -3.151815e-06
15.222277 -3.136916e-06
15.234489 -3.1220734e-06
15.246702 -3.1072872e-06
15.258915 -3.0925574e-06
15.271128 -3.0778841e-06
15.283341 -3.0632673e-06
15.295554 -3.0487069e-06
15.307767 -3.034203e-06
15.31998 -3.0197556e-06
15.332193 -3.0053647e-06
15.344406 -2.9910303e-06
15.356619 -2.9767524e-06
15.368832 -2.9625309e-06
15.381045 -2.9483659e-06
15.393258 -2.9342573e-06
15.405471 -2.9202052e-06
15.417684 -2.9062094e-06
15.429897 -2.89227e-06
15.44211 -2.8783868e-06
15.454323 -2.86456e-06
15.466536 -2.8507894e-06
15.478749 -2.837075e-06
15.490962 -2.8234167e-06
15.503175 -2.8098146e-06
15.515388 -2.7962685e-06
15.527601 -2.7827783e-06
15.539814 -2.7693441e-06
15.552027 -2.7559657e-06
15.56424 -2.7426432e-06
15.576453 -2.7293763e-06
15.588666 -2.7161651e-06
15.600879 -2.7030095e-06
15.613092 -2.6899093e-06
15.625305 -2.6768646e-06
15.637518 -2.6638753e-06
15.649731 -2.6509411e-06
15.661944 -2.6380622e-06
15.674157 -2.6252383e-06
15.68637 -2.6124694e-06
15.698583 -2.5997553e-06
15.710796 -2.5870961e-06
15.723009 -2.5744916e-06
15.735222 -2.5619416e-06
15.747435 -2.5494461e-06
15.759648 -2.537005e-06
15.771861 -2.5246182e-06
15.784074 -2.5122855e-06
15.796287 -2.5000069e-06
15.8085 -2.4877822e-06
15.820713 -2.4756113e-06
15.832926 -2.4634941e-06
15.845139 -2.4514305e-06
15.857352 -2.4394204e-06
15.869565 -2.4274636e-06
15.881778 -2.41556e-06
15.893991 -2.4037095e-06
15.906204 -2.391912e-06
15.918417 -2.3801673e-06
15.93063 -2.3684752e-06
15.942843 -2.3568358e-06
15.955056 -2.3452488e-06
15.967269 -2.3337141e-06
15.979482 -2.3222316e-06
15.991695 -2.3108011e-06
16.003908 -2.2994225e-06
16.016121 -2.2880956e-06
16.028334 -2.2768203e-06
16.040547 -2.2655965e-06
16.05276 -2.254424e-06
16.064973 -2.2433027e-06
16.077186 -2.2322325e-06
16.089399 -2.2212131e-06
16.101612 -2.2102444e-06
16.113825 -2.1993263e-06
16.126038 -2.1884587e-06
16.138251 -2.1776413e-06
16.150464 -2.1668741e-06
16.162677 -2.1561569e-06
16.17489 -2.1454895e-06
16.187103 -2.1348717e-06
16.199316 -2.1243035e-06
16.211529 -2.1137847e-06
16.223742 -2.103315e-06
16.235955 -2.0928944e-06
16.248168 -2.0825227e-06
16.260381 -2.0721997e-06
16.272594 -2.0619253e-06
16.284807 -2.0516993e-06
16.29702 -2.0415215e-06
16.309233 -2.0313918e-06
16.321446 -2.0213101e-06
16.333659 -2.0112761e-06
16.345872 -2.0012897e-06
16.358085 -1.9913508e-06
16.370298 -1.9814591e-06
16.382511 -1.9716145e-06
16.394724 -1.9618169e-06
16.406937 -1.9520661e-06
16.41915 -1.9423618e-06
16.431363 -1.9327041e-06
16.443576 -1.9230926e-06
16.455789 -1.9135272e-06
16.468002 -1.9040077e-06
16.480215 -1.8945341e-06
16.492428 -1.885106e-06
16.504641 -1.8757234e-06
16.516854 -1.8663861e-06
16.529067 -1.8570938e-06
16.54128 -1.8478465e-06
16.553493 -1.838644e-06
16.565706 -1.8294861e-06
16.577919 -1.8203726e-06
16.590132 -1.8113034e-06
16.602345 -1.8022782e-06
16.614558 -1.793297e-06
16.626771 -1.7843596e-06
16.638984 -1.7754657e-06
16.651197 -1.7666152e-06
16.66341 -1.757808e-06
16.675623 -1.7490438e-06
16.687836 -1.7403226e-06
16.700049 -1.7316441e-06
16.712262 -1.7230081e-06
16.724475 -1.7144146e-06
16.736688 -1.7058632e-06
16.748901 -1.697354e-06
16.761114 -1.6888866e-06
16.773327 -1.6804609e-06
16.78554 -1.6720767e-06
16.797753 -1.663734e-06
16.809966 -1.6554324e-06
16.822179 -1.6471719e-06
16.834392 -1.6389522e-06
16.846605 -1.6307732e-06
16.858818 -1.6226348e-06
16.871031 -1.6145367e-06
16.883244 -1.6064788e-06
16.895457 -1.598461e-06
16.90767 -1.5904829e-06
16.919883 -1.5825446e-06
16.932096 -1.5746458e-06
16.944309 -1.5667863e-06
16.956522 -1.558966e-06
16.968735 -1.5511847e-06
16.980948 -1.5434422e-06
16.993161 -1.5357385e-06
17.005374 -1.5280732e-06
17.017587 -1.5204463e-06
17.0298 -1.5128576e-06
17.042013 -1.5053068e-06
17.054226 -1.4977939e-06
17.066439 -1.4903187e-06
17.078652 -1.4828811e-06
17.090865 -1.4754807e-06
17.103078 -1.4681176e-06
17.115291 -1.4607914e-06
17.127504 -1.4535021e-06
17.139717 -1.4462496e-06
17.15193 -1.4390335e-06
17.164143 -1.4318538e-06
17.176356 -1.4247103e-06
17.188569 -1.4176029e-06
17.200782 -1.4105313e-06
17.212995 -1.4034954e-06
17.225208 -1.3964951e-06
17.237421 -1.3895302e-06
17.249634 -1.3826006e-06
17.261847 -1.375706e-06
17.27406 -1.3688463e-06
17.286273 -1.3620214e-06
17.298486 -1.355231e-06
17.310699 -1.3484751e-06
17.322912 -1.3417535e-06
17.335125 -1.335066e-06
17.347338 -1.3284125e-06
17.359551 -1.3217928e-06
17.371764 -1.3152067e-06
17.383977 -1.3086541e-06
17.39619 -1.3021349e-06
17.408403 -1.2956488e-06
17.420616 -1.2891958e-06
17.432829 -1.2827756e-06
17.445042 -1.2763882e-06
17.457255 -1.2700333e-06
17.469468 -1.2637109e-06
17.481681 -1.2574207e-06
17.493894 -1.2511626e-06
17.506106 -1.2449365e-06
17.518319 -1.2387421e-06
17.530532 -1.2325795e-06
17.542745 -1.2264483e-06
17.554958 -1.2203485e-06
17.567171 -1.2142799e-06
17.579384 -1.2082423e-06
17.591597 -1.2022357e-06
17.60381 -1.1962598e-06
17.616023 -1.1903145e-06
17.628236 -1.1843997e-06
17.640449 -1.1785153e-06
17.652662 -1.1726609e-06
17.664875 -1.1668366e-06
17.677088 -1.1610422e-06
17.689301 -1.1552776e-06
17.701514 -1.1495425e-06
17.713727 -1.1438369e-06
17.72594 -1.1381606e-06
17.738153 -1.1325134e-06
17.750366 -1.1268953e-06
17.762579 -1.121306e-06
17.774792 -1.1157455e-06
17.787005 -1.1102136e-06
17.799218 -1.1047102e-06
17.811431 -1.099235e-06
17.823644 -1.0937881e-06
17.835857 -1.0883692e-06
17.84807 -1.0829782e-06
17.860283 -1.077615e-06
17.872496 -1.0722794e-06
17.884709 -1.0669712e-06
17.896922 -1.0616905e-06
17.909135 -1.056437e-06
17.921348 -1.0512105e-06
17.933561 -1.046011e-06
17.945774 -1.0408384e-06
17.957987 -1.0356924e-06
17.9702 -1.0305729e-06
17.982413 -1.0254799e-06
17.994626 -1.0204132e-06
18.006839 -1.0153726e-06
18.019052 -1.0103581e-06
18.031265 -1.0053694e-06
18.043478 -1.0004066e-06
18.055691 -9.9546933e-07
18.067904 -9.905576e-07
18.080117 -9.8567125e-07
18.09233 -9.8081015e-07
18.104543 -9.7597418e-07
18.116756 -9.7116321e-07
18.128969 -9.6637712e-07
18.141182 -9.6161577e-07
18.153395 -9.5687904e-07
18.165608 -9.5216681e-07
18.177821 -9.4747895e-07
18.190034 -9.4281535e-07
18.202247 -9.3817587e-07
18.21446 -9.335604e-07
18.226673 -9.2896881e-07
18.238886 -9.2440099e-07
18.251099 -9.198568e-07
18.263312 -9.1533614e-07
18.275525 -9.1083887e-07
18.287738 -9.0636489e-07
18.299951 -9.0191407e-07
18.312164 -8.9748629e-07
18.324377 -8.9308144e-07
18.33659 -8.886994e-07
18.348803 -8.8434005e-07
18.361016 -8.8000328e-07
18.373229 -8.7568897e-07
18.385442 -8.71397e-07
18.397655 -8.6712726e-07
18.409868 -8.6287964e-07
18.422081 -8.5865402e-07
18.434294 -8.5445029e-07
18.446507 -8.5026834e-07
18.45872 -8.4610805e-07
18.470933 -8.4196932e-07
18.483146 -8.3785202e-07
18.495359 -8.3375605e-07
18.507572 -8.2968131e-07
18.519785 -8.2562767e-07
18.531998 -8.2159504e-07
18.544211 -8.175833e-07
18.556424 -8.1359234e-07
18.568637 -8.0962206e-07
18.58085 -8.0567235e-07
18.593063 -8.0174311e-07
18.605276 -7.9783421e-07
18.617489 -7.9394557e-07
18.629702 -7.9007708e-07
18.641915 -7.8622862e-07
18.654128 -7.8240011e-07
18.666341 -7.7859142e-07
18.678554 -7.7480246e-07
18.690767 -7.7103313e-07
18.70298 -7.6728333e-07
18.715193 -7.6355295e-07
18.727406 -7.5984188e-07
18.739619 -7.5615004e-07
18.751832 -7.5247732e-07
18.764045 -7.4882361e-07
18.776258 -7.4518883e-07
18.788471 -7.4157287e-07
18.800684 -7.3797563e-07
18.812897 -7.3439701e-07
18.82511 -7.3083692e-07
18.837323 -7.2729526e-07
18.849536 -7.2377193e-07
18.861749 -7.2026684e-07
18.873962 -7.167799e-07
18.886175 -7.1331099e-07
18.898388 -7.0986004e-07
18.910601 -7.0642695e-07
18.922814 -7.0301161e-07
18.935027 -6.9961395e-07
18.94724 -6.9623386e-07
18.959453 -6.9287126e-07
18.971666 -6.8952605e-07
18.983879 -6.8619814e-07
18.996092 -6.8288743e-07
19.008305 -6.7959385e-07
19.020518 -6.7631729e-07
19.032731 -6.7305768e-07
19.044944 -6.6981491e-07
19.057157 -6.6658889e-07
19.06937 -6.6337956e-07
19.081583 -6.601868e-07
19.093796 -6.5701054e-07
19.106009 -6.5385069e-07
19.118222 -6.5070716e-07
19.130435 -6.4757986e-07
19.142648 -6.4446871e-07
19.154861 -6.4137363e-07
19.167074 -6.3829452e-07
19.179287 -6.3523131e-07
19.1915 -6.3218391e-07
19.203713 -6.2915224e-07
19.215926 -6.2613621e-07
19.228139 -6.2313573e-07
19.240352 -6.2015074e-07
19.252565 -6.1718114e-07
19.264778 -6.1422685e-07
19.276991 -6.1128779e-07
19.289204 -6.0836389e-07
19.301417 -6.0545506e-07
19.31363 -6.0256121e-07
19.325843 -5.9968228e-07
19.338056 -5.9681818e-07
19.350269 -5.9396883e-07
19.362482 -5.9113416e-07
19.374695 -5.8831409e-07
19.386908 -5.8550853e-07
19.399121 -5.8271741e-07
19.411334 -5.7994066e-07
19.423547 -5.771782e-07
19.43576 -5.7442995e-07
19.447973 -5.7169583e-07
19.460186 -5.6897578e-07
19.472399 -5.6626971e-07
19.484612 -5.6357756e-07
19.496825 -5.6089924e-07
19.509038 -5.5823469e-07
19.521251 -5.5558382e-07
19.533464 -5.5294658e-07
19.545677 -5.5032288e-07
19.55789 -5.4771265e-07
19.570103 -5.4511582e-07
19.582316 -5.4253232e-07
19.594529 -5.3996209e-07
19.606742 -5.3740503e-07
19.618955 -5.348611e-07
19.631168 -5.3233021e-07
19.643381 -5.298123e-07
19.655594 -5.273073e-07
19.667807 -5.2481514e-07
19.68002 -5.2233575e-07
19.692233 -5.1986906e-07
19.704446 -5.17415e-07
19.716659 -5.1497352e-07
19.728872 -5.1254453e-07
19.741085 -5.1012798e-07
19.753298 -5.0772379e-07
19.765511 -5.053319e-07
19.777723 -5.0295225e-07
19.789936 -5.0058477e-07
19.802149 -4.9822939e-07
19.814362 -4.9588606e-07
19.826575 -4.935547e-07
19.838788 -4.9123525e-07
19.851001 -4.8892764e-07
19.863214 -4.8663183e-07
19.875427 -4.8434773e-07
19.88764 -4.8207529e-07
19.899853 -4.7981445e-07
19.912066 -4.7756515e-07
19.924279 -4.7532731e-07
19.936492 -4.7310089e-07
19.948705 -4.7088582e-07
19.960918 -4.6868204e-07
19.973131 -4.6648948e-07
19.985344 -4.643081e-07
19.997557 -4.6213783e-07
20.00977 -4.599786e-07
20.021983 -4.5783037e-07
20.034196 -4.5569307e-07
20.046409 -4.5356664e-07
20.058622 -4.5145103e-07
20.070835 -4.4934617e-07
20.083048 -4.4725202e-07
20.095261 -4.4516851e-07
20.107474 -4.4309558e-07
20.119687 -4.4103318e-07
20.1319 -4.3898126e-07
20.144113 -4.3693975e-07
20.156326 -4.3490861e-07
20.168539 -4.3288777e-07
20.180752 -4.3087718e-07
20.192965 -4.2887678e-07
20.205178 -4.2688653e-07
20.217391 -4.2490636e-07
20.229604 -4.2293623e-07
20.241817 -4.2097608e-07
20.25403 -4.1902585e-07
20.266243 -4.1708549e-07
20.278456 -4.1515496e-07
20.290669 -4.1323419e-07
20.302882 -4.1132314e-07
20.315095 -4.0942175e-07
20.327308 -4.0752997e-07
20.339521 -4.0564775e-07
20.351734 -4.0377504e-07
20.363947 -4.0191179e-07
20.37616 -4.0005795e-07
20.388373 -3.9821347e-07
20.400586 -3.9637829e-07
20.412799 -3.9455237e-07
20.425012 -3.9273565e-07
20.437225 -3.909281e-07
20.449438 -3.8912966e-07
20.461651 -3.8734028e-07
20.473864 -3.8555991e-07
20.486077 -3.837885e-07
20.49829 -3.8202601e-07
20.510503 -3.802724e-07
20.522716 -3.785276e-07
20.534929 -3.7679158e-07
20.547142 -3.7506428e-07
20.559355 -3.7334567e-07
20.571568 -3.7163569e-07
20.583781 -3.699343e-07
20.595994 -3.6824145e-07
20.608207 -3.665571e-07
20.62042 -3.6488121e-07
20.632633 -3.6321371e-07
20.644846 -3.6155459e-07
20.657059 -3.5990377e-07
20.669272 -3.5826123e-07
20.681485 -3.5662692e-07
20.693698 -3.550008e-07
20.705911 -3.5338281e-07
20.718124 -3.5177293e-07
20.730337 -3.501711e-07
20.74255 -3.4857728e-07
20.754763 -3.4699143e-07
20.766976 -3.454135e-07
20.779189 -3.4384346e-07
20.791402 -3.4228126e-07
20.803615 -3.4072686e-07
20.815828 -3.3918023e-07
20.828041 -3.376413e-07
20.840254 -3.3611006e-07
20.852467 -3.3458645e-07
20.86468 -3.3307044e-07
20.876893 -3.3156198e-07
20.889106 -3.3006103e-07
20.901319 -3.2856756e-07
20.913532 -3.2708152e-07
20.925745 -3.2560288e-07
20.937958 -3.2413159e-07
20.950171 -3.2266762e-07
20.962384 -3.2121093e-07
20.974597 -3.1976148e-07
20.98681 -3.1831922e-07
20.999023 -3.1688413e-07
21.011236 -3.1545617e-07
21.023449 -3.1403529e-07
21.035662 -3.1262145e-07
21.047875 -3.1121463e-07
21.060088 -3.0981478e-07
21.072301 -3.0842187e-07
21.084514 -3.0703586e-07
21.096727 -3.0565672e-07
21.10894 -3.042844e-07
21.121153 -3.0291887e-07
21.133366 -3.0156009e-07
21.145579 -3.0020804e-07
21.157792 -2.9886266e-07
21.170005 -2.9752394e-07
21.182218 -2.9619183e-07
21.194431 -2.9486629e-07
21.206644 -2.935473e-07
21.218857 -2.9223482e-07
21.23107 -2.9092881e-07
21.243283 -2.8962923e-07
21.255496 -2.8833607e-07
21.267709 -2.8704927e-07
21.279922 -2.8576882e-07
21.292135 -2.8449466e-07
21.304348 -2.8322678e-07
21.316561 -2.8196514e-07
21.328774 -2.8070969e-07
21.340987 -2.7946042e-07
21.3532 -2.7821729e-07
21.365413 -2.7698027e-07
21.377626 -2.7574932e-07
21.389839 -2.7452441e-07
21.402052 -2.7330552e-07
21.414265 -2.720926e-07
21.426478 -2.7088563e-07
21.438691 -2.6968457e-07
21.450904 -2.684894e-07
21.463117 -2.6730008e-07
21.47533 -2.6611659e-07
21.487543 -2.6493889e-07
21.499756 -2.6376694e-07
21.511969 -2.6260073e-07
21.524182 -2.6144022e-07
21.536395 -2.6028538e-07
21.548608 -2.5913618e-07
21.560821 -2.5799259e-07
21.573034 -2.5685459e-07
21.585247 -2.5572213e-07
21.59746 -2.545952e-07
21.609673 -2.5347376e-07
21.621886 -2.5235779e-07
21.634099 -2.5124725e-07
21.646312 -2.5014212e-07
21.658525 -2.4904238e-07
21.670738 -2.4794798e-07
21.682951 -2.468589e-07
21.695164 -2.4577512e-07
21.707377 -2.4469661e-07
21.71959 -2.4362333e-07
21.731803 -2.4255527e-07
21.744016 -2.4149239e-07
21.756229 -2.4043467e-07
21.768442 -2.3938208e-07
21.780655 -2.3833459e-07
21.792868 -2.3729219e-07
21.805081 -2.3625483e-07
21.817294 -2.3522249e-07
21.829507 -2.3419515e-07
21.84172 -2.3317278e-07
21.853933 -2.3215536e-07
21.866146 -2.3114286e-07
21.878359 -2.3013525e-07
21.890572 -2.2913251e-07
21.902785 -2.2813461e-07
21.914998 -2.2714153e-07
21.927211 -2.2615324e-07
21.939424 -2.2516971e-07
21.951637 -2.2419093e-07
21.96385 -2.2321687e-07
21.976063 -2.222475e-07
21.988276 -2.212828e-07
22.000489 -2.2032274e-07
22.012702 -2.193673e-07
22.024915 -2.1841646e-07
22.037128 -2.1747019e-07
22.04934 -2.1652846e-07
22.061553 -2.1559126e-07
22.073766 -2.1465856e-07
22.085979 -2.1373034e-07
22.098192 -2.1280657e-07
22.110405 -2.1188723e-07
22.122618 -2.109723e-07
22.134831 -2.1006176e-07
22.147044 -2.0915557e-07
22.159257 -2.0825373e-07
22.17147 -2.073562e-07
22.183683 -2.0646297e-07
22.195896 -2.0557401e-07
22.208109 -2.0468929e-07
22.220322 -2.0380881e-07
22.232535 -2.0293253e-07
22.244748 -2.0206044e-07
22.256961 -2.011925e-07
22.269174 -2.0032871e-07
22.281387 -1.9946904e-07
22.2936 -1.9861346e-07
22.305813 -1.9776197e-07
22.318026 -1.9691452e-07
22.330239 -1.9607111e-07
22.342452 -1.9523172e-07
22.354665 -1.9439632e-07
22.366878 -1.9356489e-07
22.379091 -1.9273741e-07
22.391304 -1.9191386e-07
22.403517 -1.9109423e-07
22.41573 -1.9027848e-07
22.427943 -1.8946661e-07
22.440156 -1.8865859e-07
22.452369 -1.8785439e-07
22.464582 -1.8705401e-07
22.476795 -1.8625742e-07
22.489008 -1.854646e-07
22.501221 -1.8467554e-07
22.513434 -1.838902e-07
22.525647 -1.8310858e-07
22.53786 -1.8233066e-07
22.550073 -1.8155641e-07
22.562286 -1.8078582e-07
22.574499 -1.8001887e-07
22.586712 -1.7925553e-07
22.598925 -1.784958e-07
22.611138 -1.7773965e-07
22.623351 -1.7698706e-07
22.635564 -1.7623802e-07
22.647777 -1.754925e-07
22.65999 -1.747505e-07
22.672203 -1.7401199e-07
22.684416 -1.7327694e-07
22.696629 -1.7254536e-07
22.708842 -1.7181721e-07
22.721055 -1.7109248e-07
22.733268 -1.7037116e-07
22.745481 -1.6965322e-07
22.757694 -1.6893865e-07
22.769907 -1.6822743e-07
22.78212 -1.6751954e-07
22.794333 -1.6681497e-07
22.806546 -1.661137e-07
22.818759 -1.6541571e-07
22.830972 -1.6472099e-07
22.843185 -1.6402951e-07
22.855398 -1.6334127e-07
22.867611 -1.6265625e-07
22.879824 -1.6197442e-07
22.892037 -1.6129578e-07
22.90425 -1.6062031e-07
22.916463 -1.5994799e-07
22.928676 -1.592788e-07
22.940889 -1.5861273e-07
22.953102 -1.5794976e-07
22.965315 -1.5728989e-07
22.977528 -1.5663308e-07
22.989741 -1.5597933e-07
23.001954 -1.5532862e-07
23.014167 -1.5468093e-07
23.02638 -1.5403626e-07
23.038593 -1.5339458e-07
23.050806 -1.5275588e-07
23.063019 -1.5212014e-07
23.075232 -1.5148735e-07
23.087445 -1.508575e-07
23.099658 -1.5023056e-07
23.111871 -1.4960653e-07
23.124084 -1.4898539e-07
23.136297 -1.4836713e-07
23.14851 -1.4775172e-07
23.160723 -1.4713917e-07
23.172936 -1.4652944e-07
23.185149 -1.4592253e-07
23.197362 -1.4531842e-07
23.209575 -1.4471711e-07
23.221788 -1.4411857e-07
23.234001 -1.4352278e-07
23.246214 -1.4292975e-07
23.258427 -1.4233945e-07
23.27064 -1.4175187e-07
23.282853 -1.4116699e-07
23.295066 -1.4058481e-07
23.307279 -1.400053e-07
23.319492 -1.3942846e-07
23.331705 -1.3885427e-07
23.343918 -1.3828272e-07
23.356131 -1.3771379e-07
23.368344 -1.3714748e-07
23.380557 -1.3658376e-07
23.39277 -1.3602263e-07
23.404983 -1.3546407e-07
23.417196 -1.3490808e-07
23.429409 -1.3435462e-07
23.441622 -1.3380371e-07
23.453835 -1.3325531e-07
23.466048 -1.3270942e-07
23.478261 -1.3216603e-07
23.490474 -1.3162512e-07
23.502687 -1.3108669e-07
23.5149 -1.3055071e-07
23.527113 -1.3001718e-07
23.539326 -1.2948608e-07
23.551539 -1.289574e-07
23.563752 -1.2843114e-07
23.575965 -1.2790727e-07
23.588178 -1.2738579e-07
23.600391 -1.2686668e-07
23.612604 -1.2634994e-07
23.624817 -1.2583554e-07
23.63703 -1.2532348e-07
23.649243 -1.2481375e-07
23.661456 -1.2430634e-07
23.673669 -1.2380123e-07
23.685882 -1.2329841e-07
23.698095 -1.2279787e-07
23.710308 -1.2229961e-07
23.722521 -1.218036e-07
23.734734 -1.2130983e-07
23.746947 -1.2081831e-07
23.75916 -1.2032901e-07
23.771373 -1.1984192e-07
23.783586 -1.1935703e-07
23.795799 -1.1887434e-07
23.808012 -1.1839383e-07
23.820225 -1.1791549e-07
23.832438 -1.1743931e-07
23.844651 -1.1696527e-07
23.856864 -1.1649338e-07
23.869077 -1.1602361e-07
23.88129 -1.1555596e-07
23.893503 -1.1509041e-07
23.905716 -1.1462696e-07
23.917929 -1.141656e-07
23.930142 -1.1370631e-07
23.942355 -1.1324909e-07
23.954568 -1.1279392e-07
23.966781 -1.123408e-07
23.978994 -1.1188971e-07
23.991207 -1.1144064e-07
24.00342 -1.1099359e-07
24.015633 -1.1054855e-07
24.027846 -1.101055e-07
24.040059 -1.0966443e-07
24.052272 -1.0922535e-07
24.064485 -1.0878822e-07
24.076698 -1.0835305e-07
24.088911 -1.0791983e-07
24.101124 -1.0748855e-07
24.113337 -1.0705919e-07
24.12555 -1.0663175e-07
24.137763 -1.0620622e-07
24.149976 -1.0578258e-07
24.162189 -1.0536084e-07
24.174402 -1.0494098e-07
24.186615 -1.0452298e-07
24.198828 -1.0410685e-07
24.211041 -1.0369258e-07
24.223254 -1.0328014e-07
24.235467 -1.0286954e-07
24.24768 -1.0246077e-07
24.259893 -1.0205382e-07
24.272106 -1.0164867e-07
24.284319 -1.0124532e-07
24.296532 -1.0084376e-07
24.308745 -1.0044398e-07
24.320957 -1.0004598e-07
24.33317 -9.9649737e-08
24.345383 -9.9255253e-08
24.357596 -9.8862515e-08
24.369809 -9.8471516e-08
24.382022 -9.8082248e-08
24.394235 -9.7694701e-08
24.406448 -9.7308867e-08
24.418661 -9.6924738e-08
24.430874 -9.6542306e-08
24.443087 -9.6161562e-08
24.4553 -9.5782499e-08
24.467513 -9.5405107e-08
24.479726 -9.502938e-08
24.491939 -9.4655308e-08
24.504152 -9.4282884e-08
24.516365 -9.39121e-08
24.528578 -9.3542948e-08
24.540791 -9.317542e-08
24.553004 -9.2809508e-08
24.565217 -9.2445205e-08
24.57743 -9.2082501e-08
24.589643 -9.1721391e-08
24.601856 -9.1361866e-08
24.614069 -9.1003918e-08
24.626282 -9.0647539e-08
24.638495 -9.0292723e-08
24.650708 -8.9939462e-08
24.662921 -8.9587748e-08
24.675134 -8.9237573e-08
24.687347 -8.8888931e-08
24.69956 -8.8541814e-08
24.711773 -8.8196214e-08
24.723986 -8.7852124e-08
24.736199 -8.7509538e-08
24.748412 -8.7168447e-08
24.760625 -8.6828844e-08
24.772838 -8.6490723e-08
24.785051 -8.6154076e-08
24.797264 -8.5818897e-08
24.809477 -8.5485177e-08
24.82169 -8.5152911e-08
24.833903 -8.482209e-08
24.846116 -8.4492709e-08
24.858329 -8.416476e-08
24.870542 -8.3838237e-08
24.882755 -8.3513132e-08
24.894968 -8.3189439e-08
24.907181 -8.2867151e-08
24.919394 -8.2546262e-08
24.931607 -8.2226764e-08
24.94382 -8.1908651e-08
24.956033 -8.1591916e-08
24.968246 -8.1276553e-08
24.980459 -8.0962556e-08
24.992672 -8.0649917e-08
25.004885 -8.033863e-08
25.017098 -8.0028689e-08
25.029311 -7.9720088e-08
25.041524 -7.9412819e-08
25.053737 -7.9106878e-08
25.06595 -7.8802256e-08
25.078163 -7.8498948e-08
25.090376 -7.8196949e-08
25.102589 -7.789625e-08
25.114802 -7.7596848e-08
25.127015 -7.7298734e-08
25.139228 -7.7001903e-08
25.151441 -7.670635e-08
25.163654 -7.6412067e-08
25.175867 -7.611905e-08
25.18808 -7.5827291e-08
25.200293 -7.5536785e-08
25.212506 -7.5247526e-08
25.224719 -7.4959509e-08
25.236932 -7.4672726e-08
25.249145 -7.4387173e-08
25.261358 -7.4102844e-08
25.273571 -7.3819732e-08
25.285784 -7.3537832e-08
25.297997 -7.3257139e-08
25.31021 -7.2977646e-08
25.322423 -7.2699348e-08
25.334636 -7.242224e-08
25.346849 -7.2146315e-08
25.359062 -7.1871568e-08
25.371275 -7.1597994e-08
25.383488 -7.1325587e-08
25.395701 -7.1054341e-08
25.407914 -7.0784251e-08
25.420127 -7.0515312e-08
25.43234 -7.0247519e-08
25.444553 -6.9980865e-08
25.456766 -6.9715345e-08
25.468979 -6.9450955e-08
25.481192 -6.9187689e-08
25.493405 -6.8925541e-08
25.505618 -6.8664506e-08
25.517831 -6.840458e-08
25.530044 -6.8145756e-08
25.542257 -6.7888031e-08
25.55447 -6.7631397e-08
25.566683 -6.7375852e-08
25.578896 -6.7121389e-08
25.591109 -6.6868003e-08
25.603322 -6.6615689e-08
25.615535 -6.6364443e-08
25.627748 -6.6114259e-08
25.639961 -6.5865132e-08
25.652174 -6.5617057e-08
25.664387 -6.5370031e-08
25.6766 -6.5124046e-08
25.688813 -6.48791e-08
25.701026 -6.4635186e-08
25.713239 -6.4392301e-08
25.725452 -6.4150439e-08
25.737665 -6.3909595e-08
25.749878 -6.3669765e-08
25.762091 -6.3430945e-08
25.774304 -6.3193128e-08
25.786517 -6.2956312e-08
25.79873 -6.272049e-08
25.810943 -6.2485659e-08
25.823156 -6.2251814e-08
25.835369 -6.201895e-08
25.847582 -6.1787063e-08
25.859795 -6.1556148e-08
25.872008 -6.1326201e-08
25.884221 -6.1097217e-08
25.896434 -6.0869192e-08
25.908647 -6.0642122e-08
25.92086 -6.0416001e-08
25.933073 -6.0190825e-08
25.945286 -5.9966591e-08
25.957499 -5.9743294e-08
25.969712 -5.9520929e-08
25.981925 -5.9299493e-08
25.994138 -5.907898e-08
26.006351 -5.8859387e-08
26.018564 -5.8640709e-08
26.030777 -5.8422943e-08
26.04299 -5.8206083e-08
26.055203 -5.7990126e-08
26.067416 -5.7775068e-08
26.079629 -5.7560905e-08
26.091842 -5.7347632e-08
26.104055 -5.7135245e-08
26.116268 -5.6923741e-08
26.128481 -5.6713114e-08
26.140694 -5.6503362e-08
26.152907 -5.629448e-08
26.16512 -5.6086464e-08
26.177333 -5.5879311e-08
26.189546 -5.5673015e-08
26.201759 -5.5467574e-08
26.213972 -5.5262984e-08
26.226185 -5.5059239e-08
26.238398 -5.4856338e-08
26.250611 -5.4654275e-08
26.262824 -5.4453047e-08
26.275037 -5.425265e-08
26.28725 -5.4053081e-08
26.299463 -5.3854335e-08
26.311676 -5.3656409e-08
26.323889 -5.3459299e-08
26.336102 -5.3263001e-08
26.348315 -5.3067512e-08
26.360528 -5.2872828e-08
26.372741 -5.2678945e-08
26.384954 -5.248586e-08
26.397167 -5.2293569e-08
26.40938 -5.2102068e-08
26.421593 -5.1911354e-08
26.433806 -5.1721423e-08
26.446019 -5.1532272e-08
26.458232 -5.1343897e-08
26.470445 -5.1156295e-08
26.482658 -5.0969462e-08
26.494871 -5.0783394e-08
26.507084 -5.0598088e-08
26.519297 -5.0413541e-08
26.53151 -5.022975e-08
26.543723 -5.004671e-08
26.555936 -4.9864419e-08
26.568149 -4.9682872e-08
26.580362 -4.9502067e-08
26.592574 -4.9322001e-08
26.604787 -4.914267e-08
26.617 -4.896407e-08
26.629213 -4.8786199e-08
26.641426 -4.8609052e-08
26.653639 -4.8432628e-08
26.665852 -4.8256922e-08
26.678065 -4.8081931e-08
26.690278 -4.7907652e-08
26.702491 -4.7734083e-08
26.714704 -4.7561219e-08
26.726917 -4.7389057e-08
26.73913 -4.7217595e-08
26.751343 -4.7046829e-08
26.763556 -4.6876756e-08
26.775769 -4.6707373e-08
26.787982 -4.6538677e-08
26.800195 -4.6370665e-08
26.812408 -4.6203333e-08
26.824621 -4.6036679e-08
26.836834 -4.58707e-08
26.849047 -4.5705392e-08
26.86126 -4.5540753e-08
26.873473 -4.537678e-08
26.885686 -4.5213469e-08
26.897899 -4.5050818e-08
26.910112 -4.4888823e-08
26.922325 -4.4727482e-08
26.934538 -4.4566793e-08
26.946751 -4.4406751e-08
26.958964 -4.4247354e-08
26.971177 -4.4088599e-08
26.98339 -4.3930484e-08
26.995603 -4.3773005e-08
27.007816 -4.3616159e-08
27.020029 -4.3459945e-08
27.032242 -4.3304358e-08
27.044455 -4.3149397e-08
27.056668 -4.2995058e-08
27.068881 -4.2841339e-08
27.081094 -4.2688237e-08
27.093307 -4.2535749e-08
27.10552 -4.2383872e-08
27.117733 -4.2232604e-08
27.129946 -4.2081942e-08
27.142159 -4.1931883e-08
27.154372 -4.1782425e-08
27.166585 -4.1633565e-08
27.178798 -4.14853e-08
27.191011 -4.1337628e-08
27.203224 -4.1190546e-08
27.215437 -4.1044052e-08
27.22765 -4.0898142e-08
27.239863 -4.0752815e-08
27.252076 -4.0608067e-08
27.264289 -4.0463896e-08
27.276502 -4.03203e-08
27.288715 -4.0177277e-08
27.300928 -4.0034822e-08
27.313141 -3.9892935e-08
27.325354 -3.9751612e-08
27.337567 -3.9610851e-08
27.34978 -3.947065e-08
27.361993 -3.9331006e-08
27.374206 -3.9191917e-08
27.386419 -3.905338e-08
27.398632 -3.8915392e-08
27.410845 -3.8777952e-08
27.423058 -3.8641057e-08
27.435271 -3.8504704e-08
27.447484 -3.8368892e-08
27.459697 -3.8233617e-08
27.47191 -3.8098878e-08
27.484123 -3.7964672e-08
27.496336 -3.7830997e-08
27.508549 -3.769785e-08
27.520762 -3.756523e-08
27.532975 -3.7433133e-08
27.545188 -3.7301557e-08
27.557401 -3.7170501e-08
27.569614 -3.7039962e-08
27.581827 -3.6909938e-08
27.59404 -3.6780426e-08
27.606253 -3.6651424e-08
27.618466 -3.6522931e-08
27.630679 -3.6394943e-08
27.642892 -3.6267459e-08
27.655105 -3.6140476e-08
27.667318 -3.6013992e-08
27.679531 -3.5888006e-08
27.691744 -3.5762514e-08
27.703957 -3.5637515e-08
27.71617 -3.5513006e-08
27.728383 -3.5388986e-08
27.740596 -3.5265453e-08
27.752809 -3.5142403e-08
27.765022 -3.5019836e-08
27.777235 -3.4897748e-08
27.789448 -3.4776139e-08
27.801661 -3.4655005e-08
27.813874 -3.4534346e-08
27.826087 -3.4414157e-08
27.8383 -3.4294439e-08
27.850513 -3.4175188e-08
27.862726 -3.4056403e-08
27.874939 -3.3938082e-08
27.887152 -3.3820222e-08
27.899365 -3.3702822e-08
27.911578 -3.3585879e-08
27.923791 -3.3469392e-08
27.936004 -3.3353359e-08
27.948217 -3.3237777e-08
27.96043 -3.3122646e-08
27.972643 -3.3007962e-08
27.984856 -3.2893724e-08
27.997069 -3.277993e-08
28.009282 -3.2666578e-08
28.021495 -3.2553666e-08
28.033708 -3.2441193e-08
28.045921 -3.2329155e-08
28.058134 -3.2217553e-08
28.070347 -3.2106383e-08
28.08256 -3.1995644e-08
28.094773 -3.1885334e-08
28.106986 -3.1775451e-08
28.119199 -3.1665993e-08
28.131412 -3.1556958e-08
28.143625 -3.1448346e-08
28.155838 -3.1340153e-08
28.168051 -3.1232378e-08
28.180264 -3.1125019e-08
28.192477 -3.1018075e-08
28.20469 -3.0911543e-08
28.216903 -3.0805423e-08
28.229116 -3.0699711e-08
28.241329 -3.0594407e-08
28.253542 -3.0489509e-08
28.265755 -3.0385014e-08
28.277968 -3.0280922e-08
28.290181 -3.017723e-08
28.302394 -3.0073937e-08
28.314607 -2.9971042e-08
28.32682 -2.9868541e-08
28.339033 -2.9766434e-08
28.351246 -2.9664719e-08
28.363459 -2.9563395e-08
28.375672 -2.9462459e-08
28.387885 -2.9361911e-08
28.400098 -2.9261748e-08
28.412311 -2.9161968e-08
28.424524 -2.9062571e-08
28.436737 -2.8963554e-08
28.44895 -2.8864916e-08
28.461163 -2.8766655e-08
28.473376 -2.866877e-08
28.485589 -2.857126e-08
28.497802 -2.8474121e-08
28.510015 -2.8377354e-08
28.522228 -2.8280956e-08
28.534441 -2.8184926e-08
28.546654 -2.8089262e-08
28.558867 -2.7993963e-08
28.57108 -2.7899026e-08
28.583293 -2.7804452e-08
28.595506 -2.7710238e-08
28.607719 -2.7616382e-08
28.619932 -2.7522883e-08
28.632145 -2.742974e-08
28.644358 -2.7336951e-08
28.656571 -2.7244514e-08
28.668784 -2.7152429e-08
28.680997 -2.7060693e-08
28.69321 -2.6969305e-08
28.705423 -2.6878264e-08
28.717636 -2.6787568e-08
28.729849 -2.6697216e-08
28.742062 -2.6607206e-08
28.754275 -2.6517538e-08
28.766488 -2.6428208e-08
28.778701 -2.6339217e-08
28.790914 -2.6250562e-08
28.803127 -2.6162242e-08
28.81534 -2.6074256e-08
28.827553 -2.5986603e-08
28.839766 -2.589928e-08
28.851979 -2.5812287e-08
28.864191 -2.5725623e-08
28.876404 -2.5639285e-08
28.888617 -2.5553273e-08
28.90083 -2.5467584e-08
28.913043 -2.5382219e-08
28.925256 -2.5297175e-08
28.937469 -2.5212451e-08
28.949682 -2.5128046e-08
28.961895 -2.5043958e-08
28.974108 -2.4960187e-08
28.986321 -2.487673e-08
28.998534 -2.4793586e-08
29.010747 -2.4710755e-08
29.02296 -2.4628235e-08
29.035173 -2.4546024e-08
29.047386 -2.4464121e-08
29.059599 -2.4382526e-08
29.071812 -2.4301236e-08
29.084025 -2.422025e-08
29.096238 -2.4139568e-08
29.108451 -2.4059188e-08
29.120664 -2.3979108e-08
29.132877 -2.3899328e-08
29.14509 -2.3819846e-08
29.157303 -2.3740661e-08
29.169516 -2.3661772e-08
29.181729 -2.3583177e-08
29.193942 -2.3504875e-08
29.206155 -2.3426866e-08
29.218368 -2.3349147e-08
29.230581 -2.3271718e-08
29.242794 -2.3194577e-08
29.255007 -2.3117724e-08
29.26722 -2.3041157e-08
29.279433 -2.2964874e-08
29.291646 -2.2888876e-08
29.303859 -2.281316e-08
29.316072 -2.2737725e-08
29.328285 -2.2662571e-08
29.340498 -2.2587695e-08
29.352711 -2.2513098e-08
29.364924 -2.2438777e-08
29.377137 -2.2364732e-08
29.38935 -2.2290961e-08
29.401563 -2.2217464e-08
29.413776 -2.2144239e-08
29.425989 -2.2071285e-08
29.438202 -2.1998601e-08
29.450415 -2.1926186e-08
29.462628 -2.1854039e-08
29.474841 -2.1782159e-08
29.487054 -2.1710544e-08
29.499267 -2.1639194e-08
29.51148 -2.1568107e-08
29.523693 -2.1497283e-08
29.535906 -2.1426719e-08
29.548119 -2.1356416e-08
29.560332 -2.1286373e-08
29.572545 -2.1216587e-08
29.584758 -2.1147058e-08
29.596971 -2.1077785e-08
29.609184 -2.1008768e-08
29.621397 -2.0940004e-08
29.63361 -2.0871493e-08
29.645823 -2.0803234e-08
29.658036 -2.0735225e-08
29.670249 -2.0667467e-08
29.682462 -2.0599957e-08
29.694675 -2.0532695e-08
29.706888 -2.046568e-08
29.719101 -2.039891e-08
29.731314 -2.0332385e-08
29.743527 -2.0266104e-08
29.75574 -2.0200066e-08
29.767953 -2.013427e-08
29.780166 -2.0068714e-08
29.792379 -2.0003398e-08
29.804592 -1.9938321e-08
29.816805 -1.9873482e-08
29.829018 -1.9808879e-08
29.841231 -1.9744513e-08
29.853444 -1.9680382e-08
29.865657 -1.9616484e-08
29.87787 -1.955282e-08
29.890083 -1.9489388e-08
29.902296 -1.9426187e-08
29.914509 -1.9363216e-08
29.926722 -1.9300475e-08
29.938935 -1.9237962e-08
29.951148 -1.9175677e-08
29.963361 -1.9113618e-08
29.975574 -1.9051785e-08
29.987787 -1.8990177e-08
30 -1.8928792e-08

