2.1 0
2.1043712 0
2.1087424 0
2.1131136 0
2.1174847 0
2.1218559 0
2.1262271 0
2.1305983 0
2.1349695 0
2.1393407 0
2.1437118 0
2.148083 0
2.1524542 0
2.1568254 0
2.1611966 0
2.1655678 0
2.1699389 0
2.1743101 0
2.1786813 0
2.1830525 0
2.1874237 0
2.1917949 0
2.1961661 0
2.2005372 0
2.2049084 0
2.2092796 0
2.2136508 0
2.218022 0
2.2223932 0
2.2267643 0
2.2311355 0
2.2355067 0
2.2398779 0
2.2442491 0
2.2486203 0
2.2529915 0
2.2573626 0
2.2617338 0
2.266105 0
2.2704762 0
2.2748474 0
2.2792186 0
2.2835897 0
2.2879609 0
2.2923321 0
2.2967033 0
2.3010745 0
2.3054457 0
2.3098168 0
2.314188 0
2.3185592 0
2.3229304 0
2.3273016 0
2.3316728 0
2.336044 0
2.3404151 0
2.3447863 0
2.3491575 0
2.3535287 0
2.3578999 0
2.3622711 0
2.3666422 0
2.3710134 0
2.3753846 0
2.3797558 0
2.384127 0
2.3884982 0
2.3928694 0
2.3972405 0
2.4016117 0
2.4059829 0
2.4103541 0
2.4147253 0
2.4190965 0
2.4234676 0
2.4278388 0
2.43221 0
2.4365812 0
2.4409524 0
2.4453236 0
2.4496947 0
2.4540659 0
2.4584371 0
2.4628083 0
2.4671795 0
2.4715507 0
2.4759219 0
2.480293 0
2.4846642 0
2.4890354 0
2.4934066 0
2.4977778 0
2.502149 0
2.5065201 0
2.5108913 0
2.5152625 0
2.5196337 0
2.5240049 0
2.5283761 0
2.5327473 0
2.5371184 0
2.5414896 0
2.5458608 0
2.550232 0
2.5546032 0
2.5589744 0
2.5633455 0
2.5677167 0
2.5720879 0
2.5764591 0
2.5808303 0
2.5852015 0
2.5895726 0
2.5939438 0
2.598315 0
2.6026862 0
2.6070574 0
2.6114286 0
2.6157998 0
2.6201709 0
2.6245421 0
2.6289133 0
2.6332845 0
2.6376557 0
2.6420269 0
2.646398 0
2.6507692 0
2.6551404 0
2.6595116 0
2.6638828 0
2.668254 0
2.6726252 0
2.6769963 0
2.6813675 0
2.6857387 0
2.6901099 0
2.6944811 0
2.6988523 0
2.7032234 0
2.7075946 0
2.7119658 0
2.716337 0
2.7207082 0
2.7250794 0
2.7294505 0
2.7338217 0
2.7381929 0
2.7425641 0
2.7469353 0
2.7513065 0
2.7556777 0
2.7600488 0
2.76442 0
2.7687912 0
2.7731624 0
2.7775336 0
2.7819048 0
2.7862759 0
2.7906471 0
2.7950183 0
2.7993895 0
2.8037607 0
2.8081319 0
2.8125031 0
2.8168742 0
2.8212454 0
2.8256166 0
2.8299878 0
2.834359 0
2.8387302 0
2.8431013 0
2.8474725 0
2.8518437 0
2.8562149 0
2.8605861 0
2.8649573 0
2.8693284 0
2.8736996 0
2.8780708 0
2.882442 0
2.8868132 0
2.8911844 0
2.8955556 0
2.8999267 0
2.9042979 0
2.9086691 0
2.9130403 0
2.9174115 0
2.9217827 0
2.9261538 0
2.930525 0
2.9348962 0
2.9392674 0
2.9436386 0
2.9480098 0
2.952381 0
2.9567521 0
2.9611233 0
2.9654945 0
2.9698657 0
2.9742369 0
2.9786081 0
2.9829792 0
2.9873504 0
2.9917216 0
2.9960928 0
3.000464 0
3.0048352 0
3.0092063 0
3.0135775 0
3.0179487 0
3.0223199 0
3.0266911 0
3.0310623 0
3.0354335 0
3.0398046 0
3.0441758 0
3.048547 0
3.0529182 0
3.0572894 0
3.0616606 0
3.0660317 0
3.0704029 0
3.0747741 0
3.0791453 0
3.0835165 0
3.0878877 0
3.0922589 0
3.09663 0
3.1010012 0
3.1053724 0
3.1097436 0
3.1141148 0
3.118486 0
3.1228571 0
3.1272283 0
3.1315995 0
3.1359707 0
3.1403419 0
3.1447131 0
3.1490842 0
3.1534554 0
3.1578266 0
3.1621978 0
3.166569 0
3.1709402 0
3.1753114 0
3.1796825 0
3.1840537 0
3.1884249 0
3.1927961 0
3.1971673 0
3.2015385 0
3.2059096 0
3.2102808 0
3.214652 0
3.2190232 0
3.2233944 0
3.2277656 0
3.2321368 0
3.2365079 0
3.2408791 0
3.2452503 0
3.2496215 0
3.2539927 0
3.2583639 0
3.262735 0
3.2671062 0
3.2714774 0
3.2758486 0
3.2802198 0
3.284591 0
3.2889621 0
3.2933333 0
3.2977045 0
3.3020757 0
3.3064469 0
3.3108181 0
3.3151893 0
3.3195604 0
3.3239316 0
3.3283028 0
3.332674 0
3.3370452 0
3.3414164 0
3.3457875 0
3.3501587 0
3.3545299 0
3.3589011 0
3.3632723 0
3.3676435 0
3.3720147 0
3.3763858 0
3.380757 0
3.3851282 0
3.3894994 0
3.3938706 0
3.3982418 0
3.4026129 0
3.4069841 0
3.4113553 0
3.4157265 0
3.4200977 0
3.4244689 0
3.42884 0
3.4332112 0
3.4375824 0
3.4419536 0
3.4463248 0
3.450696 0
3.4550672 0
3.4594383 0
3.4638095 0
3.4681807 0
3.4725519 0
3.4769231 0
3.4812943 0
3.4856654 0
3.4900366 0
3.4944078 0
3.498779 0
3.5031502 0
3.5075214 0
3.5118926 0
3.5162637 0
3.5206349 0
3.5250061 0
3.5293773 0
3.5337485 0
3.5381197 0
3.5424908 0
3.546862 0
3.5512332 0
3.5556044 0
3.5599756 0
3.5643468 0
3.5687179 0
3.5730891 0
3.5774603 0
3.5818315 0
3.5862027 0
3.5905739 0
3.5949451 0
3.5993162 0
3.6036874 0
3.6080586 0
3.6124298 0
3.616801 0
3.6211722 0
3.6255433 0
3.6299145 0
3.6342857 0
3.6386569 0
3.6430281 0
3.6473993 0
3.6517705 0
3.6561416 0
3.6605128 0
3.664884 0
3.6692552 0
3.6736264 0
3.6779976 0
3.6823687 0
3.6867399 0
3.6911111 0
3.6954823 0
3.6998535 0
3.7042247 0
3.7085958 0
3.712967 0
3.7173382 0
3.7217094 0
3.7260806 0
3.7304518 0
3.734823 0
3.7391941 0
3.7435653 0
3.7479365 0
3.7523077 0
3.7566789 0
3.7610501 0
3.7654212 0
3.7697924 0
3.7741636 0
3.7785348 0
3.782906 0
3.7872772 0
3.7916484 0
3.7960195 0
3.8003907 0
3.8047619 0
3.8091331 0
3.8135043 0
3.8178755 0
3.8222466 0
3.8266178 0
3.830989 0
3.8353602 0
3.8397314 0
3.8441026 0
3.8484737 0
3.8528449 0
3.8572161 0
3.8615873 0
3.8659585 0
3.8703297 0
3.8747009 0
3.879072 0
3.8834432 0
3.8878144 0
3.8921856 0
3.8965568 0
3.900928 0
3.9052991 0
3.9096703 0
3.9140415 0
3.9184127 0
3.9227839 0
3.9271551 0
3.9315263 0
3.9358974 0
3.9402686 0
3.9446398 0
3.949011 0
3.9533822 0
3.9577534 0
3.9621245 0
3.9664957 0
3.9708669 0
3.9752381 0
3.9796093 0
3.9839805 0
3.9883516 0
3.9927228 0
3.997094 0
4.0014652 0
4.0058364 0
4.0102076 0
4.0145788 0
4.0189499 0
4.0233211 0
4.0276923 0
4.0320635 0
4.0364347 0
4.0408059 0
4.045177 0
4.0495482 0
4.0539194 0
4.0582906 0
4.0626618 0
4.067033 0
4.0714042 0
4.0757753 0
4.0801465 0
4.0845177 0
4.0888889 0
4.0932601 0
4.0976313 0
4.1020024 0
4.1063736 0
4.1107448 0
4.115116 0
4.1194872 0
4.1238584 0
4.1282295 0
4.1326007 0
4.1369719 0
4.1413431 0
4.1457143 0
4.1500855 0
4.1544567 0
4.1588278 0
4.163199 0
4.1675702 0
4.1719414 0
4.1763126 0
4.1806838 0
4.1850549 0
4.1894261 0
4.1937973 0
4.1981685 0
4.2025397 0
4.2069109 0
4.2112821 0
4.2156532 0
4.2200244 0
4.2243956 0
4.2287668 0
4.233138 0
4.2375092 0
4.2418803 0
4.2462515 0
4.2506227 0
4.2549939 0
4.2593651 0
4.2637363 0
4.2681074 0
4.2724786 0
4.2768498 0
4.281221 0
4.2855922 0
4.2899634 0
4.2943346 0
4.2987057 0
4.3030769 0
4.3074481 0
4.3118193 0
4.3161905 0
4.3205617 0
4.3249328 0
4.329304 0
4.3336752 0
4.3380464 0
4.3424176 0
4.3467888 0
4.35116 0
4.3555311 0
4.3599023 0
4.3642735 0
4.3686447 0
4.3730159 0
4.3773871 0
4.3817582 0
4.3861294 0
4.3905006 0
4.3948718 0
4.399243 0
4.4036142 0
4.4079853 0
4.4123565 0
4.4167277 0
4.4210989 0
4.4254701 0
4.4298413 0
4.4342125 0
4.4385836 0
4.4429548 0
4.447326 0
4.4516972 0
4.4560684 0
4.4604396 0
4.4648107 0
4.4691819 0
4.4735531 0
4.4779243 0
4.4822955 0
4.4866667 0
4.4910379 0
4.495409 0
4.4997802 0
4.5041514 0
4.5085226 0
4.5128938 0
4.517265 0
4.5216361 0
4.5260073 0
4.5303785 0
4.5347497 0
4.5391209 0
4.5434921 0
4.5478632 0
4.5522344 0
4.5566056 0
4.5609768 0
4.565348 0
4.5697192 0
4.5740904 0
4.5784615 0
4.5828327 0
4.5872039 0
4.5915751 0
4.5959463 0
4.6003175 0
4.6046886 0
4.6090598 0
4.613431 0
4.6178022 0
4.6221734 0
4.6265446 0
4.6309158 0
4.6352869 0
4.6396581 0
4.6440293 0
4.6484005 0
4.6527717 0
4.6571429 0
4.661514 0
4.6658852 0
4.6702564 0
4.6746276 0
4.6789988 0
4.68337 0
4.6877411 0
4.6921123 0
4.6964835 0
4.7008547 0
4.7052259 0
4.7095971 0
4.7139683 0
4.7183394 0
4.7227106 0
4.7270818 0
4.731453 0
4.7358242 0
4.7401954 0
4.7445665 0
4.7489377 0
4.7533089 0
4.7576801 0
4.7620513 0
4.7664225 0
4.7707937 0
4.7751648 0
4.779536 0
4.7839072 0
4.7882784 0
4.7926496 0
4.7970208 0
4.8013919 0
4.8057631 0
4.8101343 0
4.8145055 0
4.8188767 0
4.8232479 0
4.827619 0
4.8319902 0
4.8363614 0
4.8407326 0
4.8451038 0
4.849475 0
4.8538462 0
4.8582173 0
4.8625885 0
4.8669597 0
4.8713309 0
4.8757021 0
4.8800733 0
4.8844444 0
4.8888156 0
4.8931868 0
4.897558 0
4.9019292 0
4.9063004 0
4.9106716 0
4.9150427 0
4.9194139 0
4.9237851 0
4.9281563 0
4.9325275 0
4.9368987 0
4.9412698 0
4.945641 0
4.9500122 0
4.9543834 0
4.9587546 0
4.9631258 0
4.9674969 0
4.9718681 0
4.9762393 0
4.9806105 0
4.9849817 0
4.9893529 0
4.9937241 0
4.9980952 0
5.0024664 0
5.0068376 0
5.0112088 0
5.01558 0
5.0199512 0
5.0243223 0
5.0286935 0
5.0330647 0
5.0374359 0
5.0418071 0
5.0461783 0
5.0505495 0
5.0549206 0
5.0592918 0
5.063663 0
5.0680342 0
5.0724054 0
5.0767766 0
5.0811477 0
5.0855189 0
5.0898901 0
5.0942613 0
5.0986325 0
5.1030037 0
5.1073748 0
5.111746 0
5.1161172 0
5.1204884 0
5.1248596 0
5.1292308 0
5.133602 0
5.1379731 0
5.1423443 0
5.1467155 0
5.1510867 0
5.1554579 0
5.1598291 0
5.1642002 0
5.1685714 0
5.1729426 0
5.1773138 0
5.181685 0
5.1860562 0
5.1904274 0
5.1947985 0
5.1991697 0
5.2035409 0
5.2079121 0
5.2122833 0
5.2166545 0
5.2210256 0
5.2253968 0
5.229768 0
5.2341392 0
5.2385104 0
5.2428816 0
5.2472527 0
5.2516239 0
5.2559951 0
5.2603663 0
5.2647375 0
5.2691087 0
5.2734799 0
5.277851 0
5.2822222 0
5.2865934 0
5.2909646 0
5.2953358 0
5.299707 0
5.3040781 0
5.3084493 0
5.3128205 0
5.3171917 0
5.3215629 0
5.3259341 0
5.3303053 0
5.3346764 0
5.3390476 0
5.3434188 0
5.34779 0
5.3521612 0
5.3565324 0
5.3609035 0
5.3652747 0
5.3696459 0
5.3740171 0
5.3783883 0
5.3827595 0
5.3871306 0
5.3915018 0
5.395873 0
5.4002442 0
5.4046154 0
5.4089866 0
5.4133578 0
5.4177289 0
5.4221001 0
5.4264713 0
5.4308425 0
5.4352137 0
5.4395849 0
5.443956 0
5.4483272 0
5.4526984 0
5.4570696 0
5.4614408 0
5.465812 0
5.4701832 0
5.4745543 0
5.4789255 0
5.4832967 0
5.4876679 0
5.4920391 0
5.4964103 0
5.5007814 0
5.5051526 0
5.5095238 0
5.513895 0
5.5182662 0
5.5226374 0
5.5270085 0
5.5313797 0
5.5357509 0
5.5401221 0
5.5444933 0
5.5488645 0
5.5532357 0
5.5576068 0
5.561978 0
5.5663492 0
5.5707204 0
5.5750916 0
5.5794628 0
5.5838339 0
5.5882051 0
5.5925763 0
5.5969475 0
5.6013187 0
5.6056899 0
5.6100611 0
5.6144322 0
5.6188034 0
5.6231746 0
5.6275458 0
5.631917 0
5.6362882 0
5.6406593 0
5.6450305 0
5.6494017 0
5.6537729 0
5.6581441 0
5.6625153 0
5.6668864 0
5.6712576 0
5.6756288 0
5.68 0
5.6843712 0
5.6887424 0
5.6931136 0
5.6974847 0
5.7018559 0
5.7062271 0
5.7105983 0
5.7149695 0
5.7193407 0
5.7237118 0
5.728083 0
5.7324542 0
5.7368254 0
5.7411966 0
5.7455678 0
5.7499389 0
5.7543101 0
5.7586813 0
5.7630525 0
5.7674237 0
5.7717949 0
5.7761661 0
5.7805372 0
5.7849084 0
5.7892796 0
5.7936508 0
5.798022 0
5.8023932 0
5.8067643 0
5.8111355 0
5.8155067 0
5.8198779 0
5.8242491 0
5.8286203 0
5.8329915 0
5.8373626 0
5.8417338 0
5.846105 0
5.8504762 0
5.8548474 0
5.8592186 0
5.8635897 0
5.8679609 0
5.8723321 0
5.8767033 0
5.8810745 0
5.8854457 0
5.8898168 0
5.894188 0
5.8985592 0
5.9029304 0
5.9073016 0
5.9116728 0
5.916044 0
5.9204151 0
5.9247863 0
5.9291575 0
5.9335287 0
5.9378999 0
5.9422711 0
5.9466422 0
5.9510134 0
5.9553846 0
5.9597558 0
5.964127 0
5.9684982 0
5.9728694 0
5.9772405 0
5.9816117 0
5.9859829 0
5.9903541 0
5.9947253 0
5.9990965 0
6.0034676 0
6.0078388 0
6.01221 0
6.0165812 0
6.0209524 0
6.0253236 0
6.0296947 0
6.0340659 0
6.0384371 0
6.0428083 0
6.0471795 0
6.0515507 0
6.0559219 0
6.060293 0
6.0646642 0
6.0690354 0
6.0734066 0
6.0777778 0
6.082149 0
6.0865201 0
6.0908913 0
6.0952625 0
6.0996337 0
6.1040049 0
6.1083761 0
6.1127473 0
6.1171184 0
6.1214896 0
6.1258608 0
6.130232 0
6.1346032 0
6.1389744 0
6.1433455 0
6.1477167 0
6.1520879 0
6.1564591 0
6.1608303 0
6.1652015 0
6.1695726 0
6.1739438 0
6.178315 0
6.1826862 0
6.1870574 0
6.1914286 0
6.1957998 0
6.2001709 0
6.2045421 0
6.2089133 0
6.2132845 0
6.2176557 0
6.2220269 0
6.226398 0
6.2307692 0
6.2351404 0
6.2395116 0
6.2438828 0
6.248254 0
6.2526252 0
6.2569963 0
6.2613675 0
6.2657387 0
6.2701099 0
6.2744811 0
6.2788523 0
6.2832234 0
6.2875946 0
6.2919658 0
6.296337 0
6.3007082 0
6.3050794 0
6.3094505 0
6.3138217 0
6.3181929 0
6.3225641 0
6.3269353 0
6.3313065 0
6.3356777 0
6.3400488 0
6.34442 0
6.3487912 0
6.3531624 0
6.3575336 0
6.3619048 0
6.3662759 0
6.3706471 0
6.3750183 0
6.3793895 0
6.3837607 0
6.3881319 0
6.3925031 0
6.3968742 0
6.4012454 0
6.4056166 0
6.4099878 0
6.414359 0
6.4187302 0
6.4231013 0
6.4274725 0
6.4318437 0
6.4362149 0
6.4405861 0
6.4449573 0
6.4493284 0
6.4536996 0
6.4580708 0
6.462442 0
6.4668132 0
6.4711844 0
6.4755556 0
6.4799267 0
6.4842979 0
6.4886691 0
6.4930403 0
6.4974115 0
6.5017827 0
6.5061538 0
6.510525 0
6.5148962 0
6.5192674 0
6.5236386 0
6.5280098 0
6.532381 0
6.5367521 0
6.5411233 0
6.5454945 0
6.5498657 0
6.5542369 0
6.5586081 0
6.5629792 0
6.5673504 0
6.5717216 0
6.5760928 0
6.580464 0
6.5848352 0
6.5892063 0
6.5935775 0
6.5979487 0
6.6023199 0
6.6066911 0
6.6110623 0
6.6154335 0
6.6198046 0
6.6241758 0
6.628547 0
6.6329182 0
6.6372894 0
6.6416606 0
6.6460317 0
6.6504029 0
6.6547741 0
6.6591453 0
6.6635165 0
6.6678877 0
6.6722589 0
6.67663 0
6.6810012 0
6.6853724 0
6.6897436 0
6.6941148 0
6.698486 0
6.7028571 0
6.7072283 0
6.7115995 0
6.7159707 0
6.7203419 0
6.7247131 0
6.7290842 0
6.7334554 0
6.7378266 0
6.7421978 0
6.746569 0
6.7509402 0
6.7553114 0
6.7596825 0
6.7640537 0
6.7684249 0
6.7727961 0
6.7771673 0
6.7815385 0
6.7859096 0
6.7902808 0
6.794652 0
6.7990232 0
6.8033944 0
6.8077656 0
6.8121368 0
6.8165079 0
6.8208791 0
6.8252503 0
6.8296215 0
6.8339927 0
6.8383639 0
6.842735 0
6.8471062 0
6.8514774 0
6.8558486 0
6.8602198 0
6.864591 0
6.8689621 0
6.8733333 0
6.8777045 0
6.8820757 0
6.8864469 0
6.8908181 0
6.8951893 0
6.8995604 0
6.9039316 0
6.9083028 0
6.912674 0
6.9170452 0
6.9214164 0
6.9257875 0
6.9301587 0
6.9345299 0
6.9389011 0
6.9432723 0
6.9476435 0
6.9520147 0
6.9563858 0
6.960757 0
6.9651282 0
6.9694994 0
6.9738706 0
6.9782418 0
6.9826129 0
6.9869841 0
6.9913553 0
6.9957265 0
7.0000977 0
7.0044689 0
7.00884 0
7.0132112 0
7.0175824 0
7.0219536 0
7.0263248 0
7.030696 0
7.0350672 0
7.0394383 0
7.0438095 0
7.0481807 0
7.0525519 0
7.0569231 0
7.0612943 0
7.0656654 0
7.0700366 0
7.0744078 0
7.078779 0
7.0831502 0
7.0875214 0
7.0918926 0
7.0962637 0
7.1006349 0
7.1050061 0
7.1093773 0
7.1137485 0
7.1181197 0
7.1224908 0
7.126862 0
7.1312332 0
7.1356044 0
7.1399756 0
7.1443468 0
7.1487179 0
7.1530891 0
7.1574603 0
7.1618315 0
7.1662027 0
7.1705739 0
7.1749451 0
7.1793162 0
7.1836874 0
7.1880586 0
7.1924298 0
7.196801 0
7.2011722 0
7.2055433 0
7.2099145 0
7.2142857 0
7.2186569 0
7.2230281 0
7.2273993 0
7.2317705 0
7.2361416 0
7.2405128 0
7.244884 0
7.2492552 0
7.2536264 0
7.2579976 0
7.2623687 0
7.2667399 0
7.2711111 0
7.2754823 0
7.2798535 0
7.2842247 0
7.2885958 0
7.292967 0
7.2973382 0
7.3017094 0
7.3060806 0
7.3104518 0
7.314823 0
7.3191941 0
7.3235653 0
7.3279365 0
7.3323077 0
7.3366789 0
7.3410501 0
7.3454212 0
7.3497924 0
7.3541636 0
7.3585348 0
7.362906 0
7.3672772 0
7.3716484 0
7.3760195 0
7.3803907 0
7.3847619 0
7.3891331 0
7.3935043 0
7.3978755 0
7.4022466 0
7.4066178 0
7.410989 0
7.4153602 0
7.4197314 0
7.4241026 0
7.4284737 0
7.4328449 0
7.4372161 0
7.4415873 0
7.4459585 0
7.4503297 0
7.4547009 0
7.459072 0
7.4634432 0
7.4678144 0
7.4721856 0
7.4765568 0
7.480928 0
7.4852991 0
7.4896703 0
7.4940415 0
7.4984127 0
7.5027839 0
7.5071551 0
7.5115263 0
7.5158974 0
7.5202686 0
7.5246398 0
7.529011 0
7.5333822 0
7.5377534 0
7.5421245 0
7.5464957 0
7.5508669 0
7.5552381 0
7.5596093 0
7.5639805 0
7.5683516 0
7.5727228 0
7.577094 0
7.5814652 0
7.5858364 0
7.5902076 0
7.5945788 0
7.5989499 0
7.6033211 0
7.6076923 0
7.6120635 0
7.6164347 0
7.6208059 0
7.625177 0
7.6295482 0
7.6339194 0
7.6382906 0
7.6426618 0
7.647033 0
7.6514042 0
7.6557753 0
7.6601465 0
7.6645177 0
7.6688889 0
7.6732601 0
7.6776313 0
7.6820024 0
7.6863736 0
7.6907448 0
7.695116 0
7.6994872 0
7.7038584 0
7.7082295 0
7.7126007 0
7.7169719 0
7.7213431 0
7.7257143 0
7.7300855 0
7.7344567 0
7.7388278 0
7.743199 0
7.7475702 0
7.7519414 0
7.7563126 0
7.7606838 0
7.7650549 0
7.7694261 0
7.7737973 0
7.7781685 0
7.7825397 0
7.7869109 0
7.7912821 0
7.7956532 0
7.8000244 0
7.8043956 0
7.8087668 0
7.813138 0
7.8175092 0
7.8218803 0
7.8262515 0
7.8306227 0
7.8349939 0
7.8393651 0
7.8437363 0
7.8481074 0
7.8524786 0
7.8568498 0
7.861221 0
7.8655922 0
7.8699634 0
7.8743346 0
7.8787057 0
7.8830769 0
7.8874481 0
7.8918193 0
7.8961905 0
7.9005617 0
7.9049328 0
7.909304 0
7.9136752 0
7.9180464 0
7.9224176 0
7.9267888 0
7.93116 0
7.9355311 0
7.9399023 0
7.9442735 0
7.9486447 0
7.9530159 0
7.9573871 0
7.9617582 0
7.9661294 0
7.9705006 0
7.9748718 0
7.979243 0
7.9836142 0
7.9879853 0
7.9923565 0
7.9967277 0
8.0010989 0
8.0054701 0
8.0098413 0
8.0142125 0
8.0185836 0
8.0229548 0
8.027326 0
8.0316972 0
8.0360684 0
8.0404396 0
8.0448107 0
8.0491819 0
8.0535531 0
8.0579243 0
8.0622955 0
8.0666667 0
8.0710379 0
8.075409 0
8.0797802 0
8.0841514 0
8.0885226 0
8.0928938 0
8.097265 0
8.1016361 0
8.1060073 0
8.1103785 0
8.1147497 0
8.1191209 0
8.1234921 0
8.1278632 0
8.1322344 0
8.1366056 0
8.1409768 0
8.145348 0
8.1497192 0
8.1540904 0
8.1584615 0
8.1628327 0
8.1672039 0
8.1715751 0
8.1759463 0
8.1803175 0
8.1846886 0
8.1890598 0
8.193431 0
8.1978022 0
8.2021734 0
8.2065446 0
8.2109158 0
8.2152869 0
8.2196581 0
8.2240293 0
8.2284005 0
8.2327717 0
8.2371429 0
8.241514 0
8.2458852 0
8.2502564 0
8.2546276 0
8.2589988 0
8.26337 0
8.2677411 0
8.2721123 0
8.2764835 0
8.2808547 0
8.2852259 0
8.2895971 0
8.2939683 0
8.2983394 0
8.3027106 0
8.3070818 0
8.311453 0
8.3158242 0
8.3201954 0
8.3245665 0
8.3289377 0
8.3333089 0
8.3376801 0
8.3420513 0
8.3464225 0
8.3507937 0
8.3551648 0
8.359536 0
8.3639072 0
8.3682784 0
8.3726496 0
8.3770208 0
8.3813919 0
8.3857631 0
8.3901343 0
8.3945055 0
8.3988767 0
8.4032479 0
8.407619 0
8.4119902 0
8.4163614 0
8.4207326 0
8.4251038 0
8.429475 0
8.4338462 0
8.4382173 0
8.4425885 0
8.4469597 0
8.4513309 0
8.4557021 0
8.4600733 0
8.4644444 0
8.4688156 0
8.4731868 0
8.477558 0
8.4819292 0
8.4863004 0
8.4906716 0
8.4950427 0
8.4994139 0
8.5037851 0
8.5081563 0
8.5125275 0
8.5168987 0
8.5212698 0
8.525641 0
8.5300122 0
8.5343834 0
8.5387546 0
8.5431258 0
8.5474969 0
8.5518681 0
8.5562393 0
8.5606105 0
8.5649817 0
8.5693529 0
8.5737241 0
8.5780952 0
8.5824664 0
8.5868376 0
8.5912088 0
8.59558 0
8.5999512 0
8.6043223 0
8.6086935 0
8.6130647 0
8.6174359 0
8.6218071 0
8.6261783 0
8.6305495 0
8.6349206 0
8.6392918 0
8.643663 0
8.6480342 0
8.6524054 0
8.6567766 0
8.6611477 0
8.6655189 0
8.6698901 0
8.6742613 0
8.6786325 0
8.6830037 0
8.6873748 0
8.691746 0
8.6961172 0
8.7004884 0
8.7048596 0
8.7092308 0
8.713602 0
8.7179731 0
8.7223443 0
8.7267155 0
8.7310867 0
8.7354579 0
8.7398291 0
8.7442002 0
8.7485714 0
8.7529426 0
8.7573138 0
8.761685 0
8.7660562 0
8.7704274 0
8.7747985 0
8.7791697 0
8.7835409 0
8.7879121 0
8.7922833 0
8.7966545 0
8.8010256 0
8.8053968 0
8.809768 0
8.8141392 0
8.8185104 0
8.8228816 0
8.8272527 0
8.8316239 0
8.8359951 0
8.8403663 0
8.8447375 0
8.8491087 0
8.8534799 0
8.857851 0
8.8622222 0
8.8665934 0
8.8709646 0
8.8753358 0
8.879707 0
8.8840781 0
8.8884493 0
8.8928205 0
8.8971917 0
8.9015629 0
8.9059341 0
8.9103053 0
8.9146764 0
8.9190476 0
8.9234188 0
8.92779 0
8.9321612 0
8.9365324 0
8.9409035 0
8.9452747 0
8.9496459 0
8.9540171 0
8.9583883 0
8.9627595 0
8.9671306 0
8.9715018 0
8.975873 0
8.9802442 0
8.9846154 0
8.9889866 0
8.9933578 0
8.9977289 0
9.0021001 0
9.0064713 0
9.0108425 0
9.0152137 0
9.0195849 0
9.023956 0
9.0283272 0
9.0326984 0
9.0370696 0
9.0414408 0
9.045812 0
9.0501832 0
9.0545543 0
9.0589255 0
9.0632967 0
9.0676679 0
9.0720391 0
9.0764103 0
9.0807814 0
9.0851526 0
9.0895238 0
9.093895 0
9.0982662 0
9.1026374 0
9.1070085 0
9.1113797 0
9.1157509 0
9.1201221 0
9.1244933 0
9.1288645 0
9.1332357 0
9.1376068 0
9.141978 0
9.1463492 0
9.1507204 0
9.1550916 0
9.1594628 0
9.1638339 0
9.1682051 0
9.1725763 0
9.1769475 0
9.1813187 0
9.1856899 0
9.1900611 0
9.1944322 0
9.1988034 0
9.2031746 0
9.2075458 0
9.211917 0
9.2162882 0
9.2206593 0
9.2250305 0
9.2294017 0
9.2337729 0
9.2381441 0
9.2425153 0
9.2468864 0
9.2512576 0
9.2556288 0
9.26 0
9.2643712 0
9.2687424 0
9.2731136 0
9.2774847 0
9.2818559 0
9.2862271 0
9.2905983 0
9.2949695 0
9.2993407 0
9.3037118 0
9.308083 0
9.3124542 0
9.3168254 0
9.3211966 0
9.3255678 0
9.3299389 0
9.3343101 0
9.3386813 0
9.3430525 0
9.3474237 0
9.3517949 0
9.3561661 0
9.3605372 0
9.3649084 0
9.3692796 0
9.3736508 0
9.378022 0
9.3823932 0
9.3867643 0
9.3911355 0
9.3955067 0
9.3998779 0
9.4042491 0
9.4086203 0
9.4129915 0
9.4173626 0
9.4217338 0
9.426105 0
9.4304762 0
9.4348474 0
9.4392186 0
9.4435897 0
9.4479609 0
9.4523321 0
9.4567033 0
9.4610745 0
9.4654457 0
9.4698168 0
9.474188 0
9.4785592 0
9.4829304 0
9.4873016 0
9.4916728 0
9.496044 0
9.5004151 0
9.5047863 0
9.5091575 0
9.5135287 0
9.5178999 0
9.5222711 0
9.5266422 0
9.5310134 0
9.5353846 0
9.5397558 0
9.544127 0
9.5484982 0
9.5528694 0
9.5572405 0
9.5616117 0
9.5659829 0
9.5703541 0
9.5747253 0
9.5790965 0
9.5834676 0
9.5878388 0
9.59221 0
9.5965812 0
9.6009524 0
9.6053236 0
9.6096947 0
9.6140659 0
9.6184371 0
9.6228083 0
9.6271795 0
9.6315507 0
9.6359219 0
9.640293 0
9.6446642 0
9.6490354 0
9.6534066 0
9.6577778 0
9.662149 0
9.6665201 0
9.6708913 0
9.6752625 0
9.6796337 0
9.6840049 0
9.6883761 0
9.6927473 0
9.6971184 0
9.7014896 0
9.7058608 0
9.710232 0
9.7146032 0
9.7189744 0
9.7233455 0
9.7277167 0
9.7320879 0
9.7364591 0
9.7408303 0
9.7452015 0
9.7495726 0
9.7539438 0
9.758315 0
9.7626862 0
9.7670574 0
9.7714286 0
9.7757998 0
9.7801709 0
9.7845421 0
9.7889133 0
9.7932845 0
9.7976557 0
9.8020269 0
9.806398 0
9.8107692 0
9.8151404 0
9.8195116 0
9.8238828 0
9.828254 0
9.8326252 0
9.8369963 0
9.8413675 0
9.8457387 0
9.8501099 0
9.8544811 0
9.8588523 0
9.8632234 0
9.8675946 0
9.8719658 0
9.876337 0
9.8807082 0
9.8850794 0
9.8894505 0
9.8938217 0
9.8981929 0
9.9025641 0
9.9069353 0
9.9113065 0
9.9156777 0
9.9200488 0
9.92442 0
9.9287912 0
9.9331624 0
9.9375336 0
9.9419048 0
9.9462759 0
9.9506471 0
9.9550183 0
9.9593895 0
9.9637607 0
9.9681319 0
9.9725031 0
9.9768742 0
9.9812454 0
9.9856166 0
9.9899878 0
9.994359 0
9.9987302 0
10.003101 0
10.007473 0
10.011844 0
10.016215 0
10.020586 0
10.024957 0
10.029328 0
10.0337 0
10.038071 0
10.042442 0
10.046813 0
10.051184 0
10.055556 0
10.059927 0
10.064298 0
10.068669 0
10.07304 0
10.077411 0
10.081783 0
10.086154 0
10.090525 0
10.094896 0
10.099267 0
10.103639 0
10.10801 0
10.112381 0
10.116752 0
10.121123 0
10.125495 0
10.129866 0
10.134237 0
10.138608 0
10.142979 0
10.14735 0
10.151722 0
10.156093 0
10.160464 0
10.164835 0
10.169206 0
10.173578 0
10.177949 0
10.18232 0
10.186691 0
10.191062 0
10.195433 0
10.199805 0
10.204176 0
10.208547 0
10.212918 0
10.217289 0
10.221661 0
10.226032 0
10.230403 0
10.234774 0
10.239145 0
10.243516 0
10.247888 0
10.252259 0
10.25663 0
10.261001 0
10.265372 0
10.269744 0
10.274115 0
10.278486 0
10.282857 0
10.287228 0
10.2916 0
10.295971 0
10.300342 0
10.304713 0
10.309084 0
10.313455 0
10.317827 0
10.322198 0
10.326569 0
10.33094 0
10.335311 0
10.339683 0
10.344054 0
10.348425 0
10.352796 0
10.357167 0
10.361538 0
10.36591 0
10.370281 0
10.374652 0
10.379023 0
10.383394 0
10.387766 0
10.392137 0
10.396508 0
10.400879 0
10.40525 0
10.409621 0
10.413993 0
10.418364 0
10.422735 0
10.427106 0
10.431477 0
10.435849 0
10.44022 0
10.444591 0
10.448962 0
10.453333 0
10.457705 0
10.462076 0
10.466447 0
10.470818 0
10.475189 0
10.47956 0
10.483932 0
10.488303 0
10.492674 0
10.497045 0
10.501416 0
10.505788 0
10.510159 0
10.51453 0
10.518901 0
10.523272 0
10.527643 0
10.532015 0
10.536386 0
10.540757 0
10.545128 0
10.549499 0
10.553871 0
10.558242 0
10.562613 0
10.566984 0
10.571355 0
10.575726 0
10.580098 0
10.584469 0
10.58884 0
10.593211 0
10.597582 0
10.601954 0
10.606325 0
10.610696 0
10.615067 0
10.619438 0
10.62381 0
10.628181 0
10.632552 0
10.636923 0
10.641294 0
10.645665 0
10.650037 0
10.654408 0
10.658779 0
10.66315 0
10.667521 0
10.671893 0
10.676264 0
10.680635 0
10.685006 0
10.689377 0
10.693748 0
10.69812 0
10.702491 0
10.706862 0
10.711233 0
10.715604 0
10.719976 0
10.724347 0
10.728718 0
10.733089 0
10.73746 0
10.741832 0
10.746203 0
10.750574 0
10.754945 0
10.759316 0
10.763687 0
10.768059 0
10.77243 0
10.776801 0
10.781172 0
10.785543 0
10.789915 0
10.794286 0
10.798657 0
10.803028 0
10.807399 0
10.81177 0
10.816142 0
10.820513 0
10.824884 0
10.829255 0
10.833626 0
10.837998 0
10.842369 0
10.84674 0
10.851111 0
10.855482 0
10.859853 0
10.864225 0
10.868596 0
10.872967 0
10.877338 0
10.881709 0
10.886081 0
10.890452 0
10.894823 0
10.899194 0
10.903565 0
10.907937 0
10.912308 0
10.916679 0
10.92105 0
10.925421 0
10.929792 0
10.934164 0
10.938535 0
10.942906 0
10.947277 0
10.951648 0
10.95602 0
10.960391 0
10.964762 0
10.969133 0
10.973504 0
10.977875 0
10.982247 0
10.986618 0
10.990989 0
10.99536 0
10.999731 0
11.004103 0
11.008474 0
11.012845 0
11.017216 0
11.021587 0
11.025958 0
11.03033 0
11.034701 0
11.039072 0
11.043443 0
11.047814 0
11.052186 0
11.056557 0
11.060928 0
11.065299 0
11.06967 0
11.074042 0
11.078413 0
11.082784 0
11.087155 0
11.091526 0
11.095897 0
11.100269 0
11.10464 0
11.109011 0
11.113382 0
11.117753 0
11.122125 0
11.126496 0
11.130867 0
11.135238 0
11.139609 0
11.14398 0
11.148352 0
11.152723 0
11.157094 0
11.161465 0
11.165836 0
11.170208 0
11.174579 0
11.17895 0
11.183321 0
11.187692 0
11.192063 0
11.196435 0
11.200806 0
11.205177 0
11.209548 0
11.213919 0
11.218291 0
11.222662 0
11.227033 0
11.231404 0
11.235775 0
11.240147 0
11.244518 0
11.248889 0
11.25326 0
11.257631 0
11.262002 0
11.266374 0
11.270745 0
11.275116 0
11.279487 0
11.283858 0
11.28823 0
11.292601 0
11.296972 0
11.301343 0
11.305714 0
11.310085 0
11.314457 0
11.318828 0
11.323199 0
11.32757 0
11.331941 0
11.336313 0
11.340684 0
11.345055 0
11.349426 0
11.353797 0
11.358168 0
11.36254 0
11.366911 0
11.371282 0
11.375653 0
11.380024 0
11.384396 0
11.388767 0
11.393138 0
11.397509 0
11.40188 0
11.406252 0
11.410623 0
11.414994 0
11.419365 0
11.423736 0
11.428107 0
11.432479 0
11.43685 0
11.441221 0
11.445592 0
11.449963 0
11.454335 0
11.458706 0
11.463077 0
11.467448 0
11.471819 0
11.47619 0
11.480562 0
11.484933 0
11.489304 0
11.493675 0
11.498046 0
11.502418 0
11.506789 0
11.51116 0
11.515531 0
11.519902 0
11.524274 0
11.528645 0
11.533016 0
11.537387 0
11.541758 0
11.546129 0
11.550501 0
11.554872 0
11.559243 0
11.563614 0
11.567985 0
11.572357 0
11.576728 0
11.581099 0
11.58547 0
11.589841 0
11.594212 0
11.598584 0
11.602955 0
11.607326 0
11.611697 0
11.616068 0
11.62044 0
11.624811 0
11.629182 0
11.633553 0
11.637924 0
11.642295 0
11.646667 0
11.651038 0
11.655409 0
11.65978 0
11.664151 0
11.668523 0
11.672894 0
11.677265 0
11.681636 0
11.686007 0
11.690379 0
11.69475 0
11.699121 0
11.703492 0
11.707863 0
11.712234 0
11.716606 0
11.720977 0
11.725348 0
11.729719 0
11.73409 0
11.738462 0
11.742833 0
11.747204 0
11.751575 0
11.755946 0
11.760317 0
11.764689 0
11.76906 0
11.773431 0
11.777802 0
11.782173 0
11.786545 0
11.790916 0
11.795287 0
11.799658 0
11.804029 0
11.8084 0
11.812772 0
11.817143 0
11.821514 0
11.825885 0
11.830256 0
11.834628 0
11.838999 0
11.84337 0
11.847741 0
11.852112 0
11.856484 0
11.860855 0
11.865226 0
11.869597 0
11.873968 0
11.878339 0
11.882711 0
11.887082 0
11.891453 0
11.895824 0
11.900195 0
11.904567 0
11.908938 0
11.913309 0
11.91768 0
11.922051 0
11.926422 0
11.930794 0
11.935165 0
11.939536 0
11.943907 0
11.948278 0
11.95265 0
11.957021 0
11.961392 0
11.965763 0
11.970134 0
11.974505 0
11.978877 0
11.983248 0
11.987619 0
11.99199 0
11.996361 0
12.000733 0
12.005104 0
12.009475 0
12.013846 0
12.018217 0
12.022589 0
12.02696 0
12.031331 0
12.035702 0
12.040073 0
12.044444 0
12.048816 0
12.053187 0
12.057558 0
12.061929 0
12.0663 0
12.070672 0
12.075043 0
12.079414 0
12.083785 0
12.088156 0
12.092527 0
12.096899 0
12.10127 0
12.105641 0
12.110012 0
12.114383 0
12.118755 0
12.123126 0
12.127497 0
12.131868 0
12.136239 0
12.140611 0
12.144982 0
12.149353 0
12.153724 0
12.158095 0
12.162466 0
12.166838 0
12.171209 0
12.17558 0
12.179951 0
12.184322 0
12.188694 0
12.193065 0
12.197436 0
12.201807 0
12.206178 0
12.210549 0
12.214921 0
12.219292 0
12.223663 0
12.228034 0
12.232405 0
12.236777 0
12.241148 0
12.245519 0
12.24989 0
12.254261 0
12.258632 0
12.263004 0
12.267375 0
12.271746 0
12.276117 0
12.280488 0
12.28486 0
12.289231 0
12.293602 0
12.297973 0
12.302344 0
12.306716 0
12.311087 0
12.315458 0
12.319829 0
12.3242 0
12.328571 0
12.332943 0
12.337314 0
12.341685 0
12.346056 0
12.350427 0
12.354799 0
12.35917 0
12.363541 0
12.367912 0
12.372283 0
12.376654 0
12.381026 0
12.385397 0
12.389768 0
12.394139 0
12.39851 0
12.402882 0
12.407253 0
12.411624 0
12.415995 0
12.420366 0
12.424737 0
12.429109 0
12.43348 0
12.437851 0
12.442222 0
12.446593 0
12.450965 0
12.455336 0
12.459707 0
12.464078 0
12.468449 0
12.472821 0
12.477192 0
12.481563 0
12.485934 0
12.490305 0
12.494676 0
12.499048 0
12.503419 0
12.50779 0
12.512161 0
12.516532 0
12.520904 0
12.525275 0
12.529646 0
12.534017 0
12.538388 0
12.542759 0
12.547131 0
12.551502 0
12.555873 0
12.560244 0
12.564615 0
12.568987 0
12.573358 0
12.577729 0
12.5821 0
12.586471 0
12.590842 0
12.595214 0
12.599585 0
12.603956 0
12.608327 0
12.612698 0
12.61707 0
12.621441 0
12.625812 0
12.630183 0
12.634554 0
12.638926 0
12.643297 0
12.647668 0
12.652039 0
12.65641 0
12.660781 0
12.665153 0
12.669524 0
12.673895 0
12.678266 0
12.682637 0
12.687009 0
12.69138 0
12.695751 0
12.700122 0
12.704493 0
12.708864 0
12.713236 0
12.717607 0
12.721978 0
12.726349 0
12.73072 0
12.735092 0
12.739463 0
12.743834 0
12.748205 0
12.752576 0
12.756947 0
12.761319 0
12.76569 0
12.770061 0
12.774432 0
12.778803 0
12.783175 0
12.787546 0
12.791917 0
12.796288 0
12.800659 0
12.805031 0
12.809402 0
12.813773 0
12.818144 0
12.822515 0
12.826886 0
12.831258 0
12.835629 0
12.84 0
12.844371 0
12.848742 0
12.853114 0
12.857485 0
12.861856 0
12.866227 0
12.870598 0
12.874969 0
12.879341 0
12.883712 0
12.888083 0
12.892454 0
12.896825 0
12.901197 0
12.905568 0
12.909939 0
12.91431 0
12.918681 0
12.923053 0
12.927424 0
12.931795 0
12.936166 0
12.940537 0
12.944908 0
12.94928 0
12.953651 0
12.958022 0
12.962393 0
12.966764 0
12.971136 0
12.975507 0
12.979878 0
12.984249 0
12.98862 0
12.992991 0
12.997363 0
13.001734 0
13.006105 0
13.010476 0
13.014847 0
13.019219 0
13.02359 0
13.027961 0
13.032332 0
13.036703 0
13.041074 0
13.045446 0
13.049817 0
13.054188 0
13.058559 0
13.06293 0
13.067302 0
13.071673 0
13.076044 0
13.080415 0
13.084786 0
13.089158 0
13.093529 0
13.0979 0
13.102271 0
13.106642 0
13.111013 0
13.115385 0
13.119756 0
13.124127 0
13.128498 0
13.132869 0
13.137241 0
13.141612 0
13.145983 0
13.150354 0
13.154725 0
13.159096 0
13.163468 0
13.167839 0
13.17221 0
13.176581 0
13.180952 0
13.185324 0
13.189695 0
13.194066 0
13.198437 0
13.202808 0
13.207179 0
13.211551 0
13.215922 0
13.220293 0
13.224664 0
13.229035 0
13.233407 0
13.237778 0
13.242149 0
13.24652 0
13.250891 0
13.255263 0
13.259634 0
13.264005 0
13.268376 0
13.272747 0
13.277118 0
13.28149 0
13.285861 0
13.290232 0
13.294603 0
13.298974 0
13.303346 0
13.307717 0
13.312088 0
13.316459 0
13.32083 0
13.325201 0
13.329573 0
13.333944 0
13.338315 0
13.342686 0
13.347057 0
13.351429 0
13.3558 0
13.360171 0
13.364542 0
13.368913 0
13.373284 0
13.377656 0
13.382027 0
13.386398 0
13.390769 0
13.39514 0
13.399512 0
13.403883 0
13.408254 0
13.412625 0
13.416996 0
13.421368 0
13.425739 0
13.43011 0
13.434481 0
13.438852 0
13.443223 0
13.447595 0
13.451966 0
13.456337 0
13.460708 0
13.465079 0
13.469451 0
13.473822 0
13.478193 0
13.482564 0
13.486935 0
13.491306 0
13.495678 0
13.500049 0
13.50442 0
13.508791 0
13.513162 0
13.517534 0
13.521905 0
13.526276 0
13.530647 0
13.535018 0
13.539389 0
13.543761 0
13.548132 0
13.552503 0
13.556874 0
13.561245 0
13.565617 0
13.569988 0
13.574359 0
13.57873 0
13.583101 0
13.587473 0
13.591844 0
13.596215 0
13.600586 0
13.604957 0
13.609328 0
13.6137 0
13.618071 0
13.622442 0
13.626813 0
13.631184 0
13.635556 0
13.639927 0
13.644298 0
13.648669 0
13.65304 0
13.657411 0
13.661783 0
13.666154 0
13.670525 0
13.674896 0
13.679267 0
13.683639 0
13.68801 0
13.692381 0
13.696752 0
13.701123 0
13.705495 0
13.709866 0
13.714237 0
13.718608 0
13.722979 0
13.72735 0
13.731722 0
13.736093 0
13.740464 0
13.744835 0
13.749206 0
13.753578 0
13.757949 0
13.76232 0
13.766691 0
13.771062 0
13.775433 0
13.779805 0
13.784176 0
13.788547 0
13.792918 0
13.797289 0
13.801661 0
13.806032 0
13.810403 0
13.814774 0
13.819145 0
13.823516 0
13.827888 0
13.832259 0
13.83663 0
13.841001 0
13.845372 0
13.849744 0
13.854115 0
13.858486 0
13.862857 0
13.867228 0
13.8716 0
13.875971 0
13.880342 0
13.884713 0
13.889084 0
13.893455 0
13.897827 0
13.902198 0
13.906569 0
13.91094 0
13.915311 0
13.919683 0
13.924054 0
13.928425 0
13.932796 0
13.937167 0
13.941538 0
13.94591 0
13.950281 0
13.954652 0
13.959023 0
13.963394 0
13.967766 0
13.972137 0
13.976508 0
13.980879 0
13.98525 0
13.989621 0
13.993993 0
13.998364 0
14.002735 0
14.007106 0
14.011477 0
14.015849 0
14.02022 0
14.024591 0
14.028962 0
14.033333 0
14.037705 0
14.042076 0
14.046447 0
14.050818 0
14.055189 0
14.05956 0
14.063932 0
14.068303 0
14.072674 0
14.077045 0
14.081416 0
14.085788 0
14.090159 0
14.09453 0
14.098901 0
14.103272 0
14.107643 0
14.112015 0
14.116386 0
14.120757 0
14.125128 0
14.129499 0
14.133871 0
14.138242 0
14.142613 0
14.146984 0
14.151355 0
14.155726 0
14.160098 0
14.164469 0
14.16884 0
14.173211 0
14.177582 0
14.181954 0
14.186325 0
14.190696 0
14.195067 0
14.199438 0
14.20381 0
14.208181 0
14.212552 0
14.216923 0
14.221294 0
14.225665 0
14.230037 0
14.234408 0
14.238779 0
14.24315 0
14.247521 0
14.251893 0
14.256264 0
14.260635 0
14.265006 0
14.269377 0
14.273748 0
14.27812 0
14.282491 0
14.286862 0
14.291233 0
14.295604 0
14.299976 0
14.304347 0
14.308718 0
14.313089 0
14.31746 0
14.321832 0
14.326203 0
14.330574 0
14.334945 0
14.339316 0
14.343687 0
14.348059 0
14.35243 0
14.356801 0
14.361172 0
14.365543 0
14.369915 0
14.374286 0
14.378657 0
14.383028 0
14.387399 0
14.39177 0
14.396142 0
14.400513 0
14.404884 0
14.409255 0
14.413626 0
14.417998 0
14.422369 0
14.42674 0
14.431111 0
14.435482 0
14.439853 0
14.444225 0
14.448596 0
14.452967 0
14.457338 0
14.461709 0
14.466081 0
14.470452 0
14.474823 0
14.479194 0
14.483565 0
14.487937 0
14.492308 0
14.496679 0
14.50105 0
14.505421 0
14.509792 0
14.514164 0
14.518535 0
14.522906 0
14.527277 0
14.531648 0
14.53602 0
14.540391 0
14.544762 0
14.549133 0
14.553504 0
14.557875 0
14.562247 0
14.566618 0
14.570989 0
14.57536 0
14.579731 0
14.584103 0
14.588474 0
14.592845 0
14.597216 0
14.601587 0
14.605958 0
14.61033 0
14.614701 0
14.619072 0
14.623443 0
14.627814 0
14.632186 0
14.636557 0
14.640928 0
14.645299 0
14.64967 0
14.654042 0
14.658413 0
14.662784 0
14.667155 0
14.671526 0
14.675897 0
14.680269 0
14.68464 0
14.689011 0
14.693382 0
14.697753 0
14.702125 0
14.706496 0
14.710867 0
14.715238 0
14.719609 0
14.72398 0
14.728352 0
14.732723 0
14.737094 0
14.741465 0
14.745836 0
14.750208 0
14.754579 0
14.75895 0
14.763321 0
14.767692 0
14.772063 0
14.776435 0
14.780806 0
14.785177 0
14.789548 0
14.793919 0
14.798291 0
14.802662 0
14.807033 0
14.811404 0
14.815775 0
14.820147 0
14.824518 0
14.828889 0
14.83326 0
14.837631 0
14.842002 0
14.846374 0
14.850745 0
14.855116 0
14.859487 0
14.863858 0
14.86823 0
14.872601 0
14.876972 0
14.881343 0
14.885714 0
14.890085 0
14.894457 0
14.898828 0
14.903199 0
14.90757 0
14.911941 0
14.916313 0
14.920684 0
14.925055 0
14.929426 0
14.933797 0
14.938168 0
14.94254 0
14.946911 0
14.951282 0
14.955653 0
14.960024 0
14.964396 0
14.968767 0
14.973138 0
14.977509 0
14.98188 0
14.986252 0
14.990623 0
14.994994 0
14.999365 0
15.003736 0
15.008107 0
15.012479 0
15.01685 0
15.021221 0
15.025592 0
15.029963 0
15.034335 0
15.038706 0
15.043077 0
15.047448 0
15.051819 0
15.05619 0
15.060562 0
15.064933 0
15.069304 0
15.073675 0
15.078046 0
15.082418 0
15.086789 0
15.09116 0
15.095531 0
15.099902 0
15.104274 0
15.108645 0
15.113016 0
15.117387 0
15.121758 0
15.126129 0
15.130501 0
15.134872 0
15.139243 0
15.143614 0
15.147985 0
15.152357 0
15.156728 0
15.161099 0
15.16547 0
15.169841 0
15.174212 0
15.178584 0
15.182955 0
15.187326 0
15.191697 0
15.196068 0
15.20044 0
15.204811 0
15.209182 0
15.213553 0
15.217924 0
15.222295 0
15.226667 0
15.231038 0
15.235409 0
15.23978 0
15.244151 0
15.248523 0
15.252894 0
15.257265 0
15.261636 0
15.266007 0
15.270379 0
15.27475 0
15.279121 0
15.283492 0
15.287863 0
15.292234 0
15.296606 0
15.300977 0
15.305348 0
15.309719 0
15.31409 0
15.318462 0
15.322833 0
15.327204 0
15.331575 0
15.335946 0
15.340317 0
15.344689 0
15.34906 0
15.353431 0
15.357802 0
15.362173 0
15.366545 0
15.370916 0
15.375287 0
15.379658 0
15.384029 0
15.3884 0
15.392772 0
15.397143 0
15.401514 0
15.405885 0
15.410256 0
15.414628 0
15.418999 0
15.42337 0
15.427741 0
15.432112 0
15.436484 0
15.440855 0
15.445226 0
15.449597 0
15.453968 0
15.458339 0
15.462711 0
15.467082 0
15.471453 0
15.475824 0
15.480195 0
15.484567 0
15.488938 0
15.493309 0
15.49768 0
15.502051 0
15.506422 0
15.510794 0
15.515165 0
15.519536 0
15.523907 0
15.528278 0
15.53265 0
15.537021 0
15.541392 0
15.545763 0
15.550134 0
15.554505 0
15.558877 0
15.563248 0
15.567619 0
15.57199 0
15.576361 0
15.580733 0
15.585104 0
15.589475 0
15.593846 0
15.598217 0
15.602589 0
15.60696 0
15.611331 0
15.615702 0
15.620073 0
15.624444 0
15.628816 0
15.633187 0
15.637558 0
15.641929 0
15.6463 0
15.650672 0
15.655043 0
15.659414 0
15.663785 0
15.668156 0
15.672527 0
15.676899 0
15.68127 0
15.685641 0
15.690012 0
15.694383 0
15.698755 0
15.703126 0
15.707497 0
15.711868 0
15.716239 0
15.720611 0
15.724982 0
15.729353 0
15.733724 0
15.738095 0
15.742466 0
15.746838 0
15.751209 0
15.75558 0
15.759951 0
15.764322 0
15.768694 0
15.773065 0
15.777436 0
15.781807 0
15.786178 0
15.790549 0
15.794921 0
15.799292 0
15.803663 0
15.808034 0
15.812405 0
15.816777 0
15.821148 0
15.825519 0
15.82989 0
15.834261 0
15.838632 0
15.843004 0
15.847375 0
15.851746 0
15.856117 0
15.860488 0
15.86486 0
15.869231 0
15.873602 0
15.877973 0
15.882344 0
15.886716 0
15.891087 0
15.895458 0
15.899829 0
15.9042 0
15.908571 0
15.912943 0
15.917314 0
15.921685 0
15.926056 0
15.930427 0
15.934799 0
15.93917 0
15.943541 0
15.947912 0
15.952283 0
15.956654 0
15.961026 0
15.965397 0
15.969768 0
15.974139 0
15.97851 0
15.982882 0
15.987253 0
15.991624 0
15.995995 0
16.000366 0
16.004737 0
16.009109 0
16.01348 0
16.017851 0
16.022222 0
16.026593 0
16.030965 0
16.035336 0
16.039707 0
16.044078 0
16.048449 0
16.052821 0
16.057192 0
16.061563 0
16.065934 0
16.070305 0
16.074676 0
16.079048 0
16.083419 0
16.08779 0
16.092161 0
16.096532 0
16.100904 0
16.105275 0
16.109646 0
16.114017 0
16.118388 0
16.122759 0
16.127131 0
16.131502 0
16.135873 0
16.140244 0
16.144615 0
16.148987 0
16.153358 0
16.157729 0
16.1621 0
16.166471 0
16.170842 0
16.175214 0
16.179585 0
16.183956 0
16.188327 0
16.192698 0
16.19707 0
16.201441 0
16.205812 0
16.210183 0
16.214554 0
16.218926 0
16.223297 0
16.227668 0
16.232039 0
16.23641 0
16.240781 0
16.245153 0
16.249524 0
16.253895 0
16.258266 0
16.262637 0
16.267009 0
16.27138 0
16.275751 0
16.280122 0
16.284493 0
16.288864 0
16.293236 0
16.297607 0
16.301978 0
16.306349 0
16.31072 0
16.315092 0
16.319463 0
16.323834 0
16.328205 0
16.332576 0
16.336947 0
16.341319 0
16.34569 0
16.350061 0
16.354432 0
16.358803 0
16.363175 0
16.367546 0
16.371917 0
16.376288 0
16.380659 0
16.385031 0
16.389402 0
16.393773 0
16.398144 0
16.402515 0
16.406886 0
16.411258 0
16.415629 0
16.42 0
16.424371 0
16.428742 0
16.433114 0
16.437485 0
16.441856 0
16.446227 0
16.450598 0
16.454969 0
16.459341 0
16.463712 0
16.468083 0
16.472454 0
16.476825 0
16.481197 0
16.485568 0
16.489939 0
16.49431 0
16.498681 0
16.503053 0
16.507424 0
16.511795 0
16.516166 0
16.520537 0
16.524908 0
16.52928 0
16.533651 0
16.538022 0
16.542393 0
16.546764 0
16.551136 0
16.555507 0
16.559878 0
16.564249 0
16.56862 0
16.572991 0
16.577363 0
16.581734 0
16.586105 0
16.590476 0
16.594847 0
16.599219 0
16.60359 0
16.607961 0
16.612332 0
16.616703 0
16.621074 0
16.625446 0
16.629817 0
16.634188 0
16.638559 0
16.64293 0
16.647302 0
16.651673 0
16.656044 0
16.660415 0
16.664786 0
16.669158 0
16.673529 0
16.6779 0
16.682271 0
16.686642 0
16.691013 0
16.695385 0
16.699756 0
16.704127 0
16.708498 0
16.712869 0
16.717241 0
16.721612 0
16.725983 0
16.730354 0
16.734725 0
16.739096 0
16.743468 0
16.747839 0
16.75221 0
16.756581 0
16.760952 0
16.765324 0
16.769695 0
16.774066 0
16.778437 0
16.782808 0
16.787179 0
16.791551 0
16.795922 0
16.800293 0
16.804664 0
16.809035 0
16.813407 0
16.817778 0
16.822149 0
16.82652 0
16.830891 0
16.835263 0
16.839634 0
16.844005 0
16.848376 0
16.852747 0
16.857118 0
16.86149 0
16.865861 0
16.870232 0
16.874603 0
16.878974 0
16.883346 0
16.887717 0
16.892088 0
16.896459 0
16.90083 0
16.905201 0
16.909573 0
16.913944 0
16.918315 0
16.922686 0
16.927057 0
16.931429 0
16.9358 0
16.940171 0
16.944542 0
16.948913 0
16.953284 0
16.957656 0
16.962027 0
16.966398 0
16.970769 0
16.97514 0
16.979512 0
16.983883 0
16.988254 0
16.992625 0
16.996996 0
17.001368 0
17.005739 0
17.01011 0
17.014481 0
17.018852 0
17.023223 0
17.027595 0
17.031966 0
17.036337 0
17.040708 0
17.045079 0
17.049451 0
17.053822 0
17.058193 0
17.062564 0
17.066935 0
17.071306 0
17.075678 0
17.080049 0
17.08442 0
17.088791 0
17.093162 0
17.097534 0
17.101905 0
17.106276 0
17.110647 0
17.115018 0
17.119389 0
17.123761 0
17.128132 0
17.132503 0
17.136874 0
17.141245 0
17.145617 0
17.149988 0
17.154359 0
17.15873 0
17.163101 0
17.167473 0
17.171844 0
17.176215 0
17.180586 0
17.184957 0
17.189328 0
17.1937 0
17.198071 0
17.202442 0
17.206813 0
17.211184 0
17.215556 0
17.219927 0
17.224298 0
17.228669 0
17.23304 0
17.237411 0
17.241783 0
17.246154 0
17.250525 0
17.254896 0
17.259267 0
17.263639 0
17.26801 0
17.272381 0
17.276752 0
17.281123 0
17.285495 0
17.289866 0
17.294237 0
17.298608 0
17.302979 0
17.30735 0
17.311722 0
17.316093 0
17.320464 0
17.324835 0
17.329206 0
17.333578 0
17.337949 0
17.34232 0
17.346691 0
17.351062 0
17.355433 0
17.359805 0
17.364176 0
17.368547 0
17.372918 0
17.377289 0
17.381661 0
17.386032 0
17.390403 0
17.394774 0
17.399145 0
17.403516 0
17.407888 0
17.412259 0
17.41663 0
17.421001 0
17.425372 0
17.429744 0
17.434115 0
17.438486 0
17.442857 0
17.447228 0
17.4516 0
17.455971 0
17.460342 0
17.464713 0
17.469084 0
17.473455 0
17.477827 0
17.482198 0
17.486569 0
17.49094 0
17.495311 0
17.499683 0
17.504054 0
17.508425 0
17.512796 0
17.517167 0
17.521538 0
17.52591 0
17.530281 0
17.534652 0
17.539023 0
17.543394 0
17.547766 0
17.552137 0
17.556508 0
17.560879 0
17.56525 0
17.569621 0
17.573993 0
17.578364 0
17.582735 0
17.587106 0
17.591477 0
17.595849 0
17.60022 0
17.604591 0
17.608962 0
17.613333 0
17.617705 0
17.622076 0
17.626447 0
17.630818 0
17.635189 0
17.63956 0
17.643932 0
17.648303 0
17.652674 0
17.657045 0
17.661416 0
17.665788 0
17.670159 0
17.67453 0
17.678901 0
17.683272 0
17.687643 0
17.692015 0
17.696386 0
17.700757 0
17.705128 0
17.709499 0
17.713871 0
17.718242 0
17.722613 0
17.726984 0
17.731355 0
17.735726 0
17.740098 0
17.744469 0
17.74884 0
17.753211 0
17.757582 0
17.761954 0
17.766325 0
17.770696 0
17.775067 0
17.779438 0
17.78381 0
17.788181 0
17.792552 0
17.796923 0
17.801294 0
17.805665 0
17.810037 0
17.814408 0
17.818779 0
17.82315 0
17.827521 0
17.831893 0
17.836264 0
17.840635 0
17.845006 0
17.849377 0
17.853748 0
17.85812 0
17.862491 0
17.866862 0
17.871233 0
17.875604 0
17.879976 0
17.884347 0
17.888718 0
17.893089 0
17.89746 0
17.901832 0
17.906203 0
17.910574 0
17.914945 0
17.919316 0
17.923687 0
17.928059 0
17.93243 0
17.936801 0
17.941172 0
17.945543 0
17.949915 0
17.954286 0
17.958657 0
17.963028 0
17.967399 0
17.97177 0
17.976142 0
17.980513 0
17.984884 0
17.989255 0
17.993626 0
17.997998 0
18.002369 0
18.00674 0
18.011111 0
18.015482 0
18.019853 0
18.024225 0
18.028596 0
18.032967 0
18.037338 0
18.041709 0
18.046081 0
18.050452 0
18.054823 0
18.059194 0
18.063565 0
18.067937 0
18.072308 0
18.076679 0
18.08105 0
18.085421 0
18.089792 0
18.094164 0
18.098535 0
18.102906 0
18.107277 0
18.111648 0
18.11602 0
18.120391 0
18.124762 0
18.129133 0
18.133504 0
18.137875 0
18.142247 0
18.146618 0
18.150989 0
18.15536 0
18.159731 0
18.164103 0
18.168474 0
18.172845 0
18.177216 0
18.181587 0
18.185958 0
18.19033 0
18.194701 0
18.199072 0
18.203443 0
18.207814 0
18.212186 0
18.216557 0
18.220928 0
18.225299 0
18.22967 0
18.234042 0
18.238413 0
18.242784 0
18.247155 0
18.251526 0
18.255897 0
18.260269 0
18.26464 0
18.269011 0
18.273382 0
18.277753 0
18.282125 0
18.286496 0
18.290867 0
18.295238 0
18.299609 0
18.30398 0
18.308352 0
18.312723 0
18.317094 0
18.321465 0
18.325836 0
18.330208 0
18.334579 0
18.33895 0
18.343321 0
18.347692 0
18.352063 0
18.356435 0
18.360806 0
18.365177 0
18.369548 0
18.373919 0
18.378291 0
18.382662 0
18.387033 0
18.391404 0
18.395775 0
18.400147 0
18.404518 0
18.408889 0
18.41326 0
18.417631 0
18.422002 0
18.426374 0
18.430745 0
18.435116 0
18.439487 0
18.443858 0
18.44823 0
18.452601 0
18.456972 0
18.461343 0
18.465714 0
18.470085 0
18.474457 0
18.478828 0
18.483199 0
18.48757 0
18.491941 0
18.496313 0
18.500684 0
18.505055 0
18.509426 0
18.513797 0
18.518168 0
18.52254 0
18.526911 0
18.531282 0
18.535653 0
18.540024 0
18.544396 0
18.548767 0
18.553138 0
18.557509 0
18.56188 0
18.566252 0
18.570623 0
18.574994 0
18.579365 0
18.583736 0
18.588107 0
18.592479 0
18.59685 0
18.601221 0
18.605592 0
18.609963 0
18.614335 0
18.618706 0
18.623077 0
18.627448 0
18.631819 0
18.63619 0
18.640562 0
18.644933 0
18.649304 0
18.653675 0
18.658046 0
18.662418 0
18.666789 0
18.67116 0
18.675531 0
18.679902 0
18.684274 0
18.688645 0
18.693016 0
18.697387 0
18.701758 0
18.706129 0
18.710501 0
18.714872 0
18.719243 0
18.723614 0
18.727985 0
18.732357 0
18.736728 0
18.741099 0
18.74547 0
18.749841 0
18.754212 0
18.758584 0
18.762955 0
18.767326 0
18.771697 0
18.776068 0
18.78044 0
18.784811 0
18.789182 0
18.793553 0
18.797924 0
18.802295 0
18.806667 0
18.811038 0
18.815409 0
18.81978 0
18.824151 0
18.828523 0
18.832894 0
18.837265 0
18.841636 0
18.846007 0
18.850379 0
18.85475 0
18.859121 0
18.863492 0
18.867863 0
18.872234 0
18.876606 0
18.880977 0
18.885348 0
18.889719 0
18.89409 0
18.898462 0
18.902833 0
18.907204 0
18.911575 0
18.915946 0
18.920317 0
18.924689 0
18.92906 0
18.933431 0
18.937802 0
18.942173 0
18.946545 0
18.950916 0
18.955287 0
18.959658 0
18.964029 0
18.9684 0
18.972772 0
18.977143 0
18.981514 0
18.985885 0
18.990256 0
18.994628 0
18.998999 0
19.00337 0
19.007741 0
19.012112 0
19.016484 0
19.020855 0
19.025226 0
19.029597 0
19.033968 0
19.038339 0
19.042711 0
19.047082 0
19.051453 0
19.055824 0
19.060195 0
19.064567 0
19.068938 0
19.073309 0
19.07768 0
19.082051 0
19.086422 0
19.090794 0
19.095165 0
19.099536 0
19.103907 0
19.108278 0
19.11265 0
19.117021 0
19.121392 0
19.125763 0
19.130134 0
19.134505 0
19.138877 0
19.143248 0
19.147619 0
19.15199 0
19.156361 0
19.160733 0
19.165104 0
19.169475 0
19.173846 0
19.178217 0
19.182589 0
19.18696 0
19.191331 0
19.195702 0
19.200073 0
19.204444 0
19.208816 0
19.213187 0
19.217558 0
19.221929 0
19.2263 0
19.230672 0
19.235043 0
19.239414 0
19.243785 0
19.248156 0
19.252527 0
19.256899 0
19.26127 0
19.265641 0
19.270012 0
19.274383 0
19.278755 0
19.283126 0
19.287497 0
19.291868 0
19.296239 0
19.300611 0
19.304982 0
19.309353 0
19.313724 0
19.318095 0
19.322466 0
19.326838 0
19.331209 0
19.33558 0
19.339951 0
19.344322 0
19.348694 0
19.353065 0
19.357436 0
19.361807 0
19.366178 0
19.370549 0
19.374921 0
19.379292 0
19.383663 0
19.388034 0
19.392405 0
19.396777 0
19.401148 0
19.405519 0
19.40989 0
19.414261 0
19.418632 0
19.423004 0
19.427375 0
19.431746 0
19.436117 0
19.440488 0
19.44486 0
19.449231 0
19.453602 0
19.457973 0
19.462344 0
19.466716 0
19.471087 0
19.475458 0
19.479829 0
19.4842 0
19.488571 0
19.492943 0
19.497314 0
19.501685 0
19.506056 0
19.510427 0
19.514799 0
19.51917 0
19.523541 0
19.527912 0
19.532283 0
19.536654 0
19.541026 0
19.545397 0
19.549768 0
19.554139 0
19.55851 0
19.562882 0
19.567253 0
19.571624 0
19.575995 0
19.580366 0
19.584737 0
19.589109 0
19.59348 0
19.597851 0
19.602222 0
19.606593 0
19.610965 0
19.615336 0
19.619707 0
19.624078 0
19.628449 0
19.632821 0
19.637192 0
19.641563 0
19.645934 0
19.650305 0
19.654676 0
19.659048 0
19.663419 0
19.66779 0
19.672161 0
19.676532 0
19.680904 0
19.685275 0
19.689646 0
19.694017 0
19.698388 0
19.702759 0
19.707131 0
19.711502 0
19.715873 0
19.720244 0
19.724615 0
19.728987 0
19.733358 0
19.737729 0
19.7421 0
19.746471 0
19.750842 0
19.755214 0
19.759585 0
19.763956 0
19.768327 0
19.772698 0
19.77707 0
19.781441 0
19.785812 0
19.790183 0
19.794554 0
19.798926 0
19.803297 0
19.807668 0
19.812039 0
19.81641 0
19.820781 0
19.825153 0
19.829524 0
19.833895 0
19.838266 0
19.842637 0
19.847009 0
19.85138 0
19.855751 0
19.860122 0
19.864493 0
19.868864 0
19.873236 0
19.877607 0
19.881978 0
19.886349 0
19.89072 0
19.895092 0
19.899463 0
19.903834 0
19.908205 0
19.912576 0
19.916947 0
19.921319 0
19.92569 0
19.930061 0
19.934432 0
19.938803 0
19.943175 0
19.947546 0
19.951917 0
19.956288 0
19.960659 0
19.965031 0
19.969402 0
19.973773 0
19.978144 0
19.982515 0
19.986886 0
19.991258 0
19.995629 0
20 0

