4 0.023584788
4.0468979 0.021732904
4.0937958 0.020015856
4.1406937 0.018432962
4.1875916 0.016971906
4.2344895 0.015628931
4.2813874 0.014380578
4.3282853 0.013238665
4.3751832 0.012177732
4.4220811 0.011194512
4.468979 0.010289254
4.5158769 0.0094672109
4.5627748 0.0087031697
4.6096727 0.0079904944
4.6565706 0.0073318261
4.7034685 0.0067297294
4.7503664 0.0061716107
4.7972643 0.0056510446
4.8441622 0.0051740772
4.8910601 0.004746754
4.937958 0.0043596385
4.9848559 0.0039883792
5.0317538 0.0036391283
5.0786517 0.0033189027
5.1255496 0.0030304995
5.1724475 0.0027608943
5.2193454 0.0025153586
5.2662433 0.0022870448
5.3131412 0.0020779941
5.3600391 0.0018844062
5.406937 0.001704829
5.4538349 0.0015405193
5.5007328 0.0013927328
5.5476307 0.0012573647
5.5945286 0.0011300782
5.6414265 0.0010113123
5.6883244 0.00090150592
5.7352223 0.00080109812
5.7821202 0.00071052791
5.8290181 0.00062873212
5.875916 0.00055105781
5.9228139 0.00047889935
5.9697118 0.00041425928
6.0166097 0.00035847644
6.0635076 0.00030567904
6.1104055 0.00025516775
6.1573034 0.00020841324
6.2042013 0.00016686414
6.2510992 0.00012895405
6.2979971 9.45479e-05
6.344895 6.374713e-05
6.3917929 3.4841236e-05
6.4386908 8.2030355e-06
6.4855887 -1.5116341e-05
6.5324866 -3.5187307e-05
6.5793845 -5.3827147e-05
6.6262824 -7.1146206e-05
6.6731803 -8.7121193e-05
6.7200782 -0.00010172882
6.7669761 -0.00011494578
6.813874 -0.0001267488
6.8607719 -0.00013711458
6.9076698 -0.00014601983
6.9545677 -0.00015344125
7.0014656 -0.00015935616
7.0483635 -0.00016438967
7.0952614 -0.00016908035
7.1421593 -0.00017338757
7.1890572 -0.00017727069
7.2359551 -0.00018068907
7.282853 -0.00018360207
7.3297509 -0.00018596907
7.3766488 -0.00018774943
7.4235467 -0.0001889025
7.4704446 -0.00018938766
7.5173425 -0.00018921903
7.5642404 -0.00018893094
7.6111383 -0.0001886054
7.6580362 -0.00018816276
7.704934 -0.00018752338
7.7518319 -0.00018660762
7.7987298 -0.00018533583
7.8456277 -0.00018387899
7.8925256 -0.00018240721
7.9394235 -0.00018079634
7.9863214 -0.00017892204
8.0332193 -0.00017677124
8.0801172 -0.00017459273
8.1270151 -0.0001724021
8.173913 -0.00017019787
8.2208109 -0.00016797851
8.2677088 -0.00016574251
8.3146067 -0.00016348837
8.3615046 -0.00016121458
8.4084025 -0.00015891963
8.4553004 -0.000156602
8.5021983 -0.00015426019
8.5490962 -0.00015189156
8.5959941 -0.00014949907
8.642892 -0.00014708897
8.6897899 -0.0001446675
8.7366878 -0.00014224091
8.7835857 -0.00013981545
8.8304836 -0.00013739736
8.8773815 -0.00013499289
8.9242794 -0.00013260829
8.9711773 -0.00013024979
9.0180752 -0.00012792401
9.0649731 -0.00012563776
9.111871 -0.0001233897
9.1587689 -0.000121177
9.2056668 -0.00011899684
9.2525647 -0.00011684641
9.2994626 -0.00011472289
9.3463605 -0.00011262346
9.3932584 -0.00011054531
9.4401563 -0.00010848561
9.4870542 -0.00010644155
9.5339521 -0.00010441985
9.58085 -0.0001024439
9.6277479 -0.00010051364
9.6746458 -9.8627691e-05
9.7215437 -9.6784637e-05
9.7684416 -9.4983078e-05
9.8153395 -9.322161e-05
9.8622374 -9.149883e-05
9.9091353 -8.9813334e-05
9.9560332 -8.816372e-05
10.002931 -8.6548567e-05
10.049829 -8.4962012e-05
10.096727 -8.3400271e-05
10.143625 -8.1863534e-05
10.190523 -8.0351996e-05
10.237421 -7.8865847e-05
10.284319 -7.7405281e-05
10.331216 -7.597049e-05
10.378114 -7.4561666e-05
10.425012 -7.3179001e-05
10.47191 -7.1822688e-05
10.518808 -7.049292e-05
10.565706 -6.9189888e-05
10.612604 -6.7913786e-05
10.659502 -6.6664805e-05
10.7064 -6.5443137e-05
10.753298 -6.4248976e-05
10.800195 -6.3082513e-05
10.847093 -6.1943941e-05
10.893991 -6.0833452e-05
10.940889 -5.9751239e-05
10.987787 -5.8697494e-05
11.034685 -5.766838e-05
11.081583 -5.6654011e-05
11.128481 -5.5654324e-05
11.175379 -5.466976e-05
11.222277 -5.370076e-05
11.269174 -5.2747763e-05
11.316072 -5.1811211e-05
11.36297 -5.0891543e-05
11.409868 -4.9989201e-05
11.456766 -4.9104623e-05
11.503664 -4.8238252e-05
11.550562 -4.7390526e-05
11.59746 -4.6561887e-05
11.644358 -4.5752776e-05
11.691255 -4.4963631e-05
11.738153 -4.4194894e-05
11.785051 -4.3447005e-05
11.831949 -4.2720405e-05
11.878847 -4.2015534e-05
11.925745 -4.1332832e-05
11.972643 -4.067274e-05
12.019541 -4.0033962e-05
12.066439 -3.9402159e-05
12.113337 -3.8774565e-05
12.160234 -3.8151833e-05
12.207132 -3.753461e-05
12.25403 -3.6923549e-05
12.300928 -3.6319297e-05
12.347826 -3.5722506e-05
12.394724 -3.5133825e-05
12.441622 -3.4553904e-05
12.48852 -3.3983393e-05
12.535418 -3.3422941e-05
12.582316 -3.28732e-05
12.629213 -3.2334818e-05
12.676111 -3.1808446e-05
12.723009 -3.1294733e-05
12.769907 -3.079433e-05
12.816805 -3.0307886e-05
12.863703 -2.9836051e-05
12.910601 -2.9379475e-05
12.957499 -2.8938809e-05
13.004397 -2.8514639e-05
13.051295 -2.8099305e-05
13.098192 -2.7687333e-05
13.14509 -2.7278975e-05
13.191988 -2.6874481e-05
13.238886 -2.6474102e-05
13.285784 -2.607809e-05
13.332682 -2.5686695e-05
13.37958 -2.5300169e-05
13.426478 -2.4918763e-05
13.473376 -2.4542727e-05
13.520274 -2.4172314e-05
13.567171 -2.3807773e-05
13.614069 -2.3449356e-05
13.660967 -2.3097315e-05
13.707865 -2.2751899e-05
13.754763 -2.2413361e-05
13.801661 -2.2081951e-05
13.848559 -2.1757921e-05
13.895457 -2.1441521e-05
13.942355 -2.1133002e-05
13.989253 -2.0832617e-05
14.03615 -2.0538583e-05
14.083048 -2.0246595e-05
14.129946 -1.9956851e-05
14.176844 -1.9669728e-05
14.223742 -1.9385607e-05
14.27064 -1.9104866e-05
14.317538 -1.8827884e-05
14.364436 -1.8555039e-05
14.411334 -1.8286712e-05
14.458232 -1.802328e-05
14.505129 -1.7765122e-05
14.552027 -1.7512618e-05
14.598925 -1.7266147e-05
14.645823 -1.7026087e-05
14.692721 -1.6792816e-05
14.739619 -1.6566715e-05
14.786517 -1.6348162e-05
14.833415 -1.6137536e-05
14.880313 -1.5935215e-05
14.927211 -1.5741579e-05
14.974108 -1.5557007e-05
15.021006 -1.5381012e-05
15.067904 -1.5207405e-05
15.114802 -1.5034904e-05
15.1617 -1.4863525e-05
15.208598 -1.4693281e-05
15.255496 -1.4524188e-05
15.302394 -1.4356261e-05
15.349292 -1.4189513e-05
15.39619 -1.4023959e-05
15.443087 -1.3859614e-05
15.489985 -1.3696493e-05
15.536883 -1.353461e-05
15.583781 -1.337398e-05
15.630679 -1.3214618e-05
15.677577 -1.3056537e-05
15.724475 -1.2899754e-05
15.771373 -1.2744281e-05
15.818271 -1.2590135e-05
15.865169 -1.2437329e-05
15.912066 -1.2285878e-05
15.958964 -1.2135797e-05
16.005862 -1.19871e-05
16.05276 -1.1839802e-05
16.099658 -1.1693918e-05
16.146556 -1.1549462e-05
16.193454 -1.140645e-05
16.240352 -1.1264894e-05
16.28725 -1.1124811e-05
16.334148 -1.0986214e-05
16.381045 -1.0849118e-05
16.427943 -1.0713539e-05
16.474841 -1.057949e-05
16.521739 -1.0446986e-05
16.568637 -1.0316042e-05
16.615535 -1.0186673e-05
16.662433 -1.0058892e-05
16.709331 -9.932715e-06
16.756229 -9.8081563e-06
16.803127 -9.6852304e-06
16.850024 -9.563952e-06
16.896922 -9.4443357e-06
16.94382 -9.3263961e-06
16.990718 -9.2101478e-06
17.037616 -9.0956055e-06
17.084514 -8.9827837e-06
17.131412 -8.871697e-06
17.17831 -8.7623602e-06
17.225208 -8.6547877e-06
17.272106 -8.5489943e-06
17.319003 -8.4449945e-06
17.365901 -8.3428029e-06
17.412799 -8.2424342e-06
17.459697 -8.143903e-06
17.506595 -8.0472239e-06
17.553493 -7.9524115e-06
17.600391 -7.8594804e-06
17.647289 -7.7684453e-06
17.694187 -7.6793207e-06
17.741085 -7.5921213e-06
17.787982 -7.5068617e-06
17.83488 -7.4235565e-06
17.881778 -7.3422203e-06
17.928676 -7.2628678e-06
17.975574 -7.1855135e-06
18.022472 -7.1099614e-06
18.06937 -7.034859e-06
18.116268 -6.9599946e-06
18.163166 -6.8854065e-06
18.210064 -6.8111332e-06
18.256961 -6.7372128e-06
18.303859 -6.6636838e-06
18.350757 -6.5905845e-06
18.397655 -6.5179533e-06
18.444553 -6.4458284e-06
18.491451 -6.3742482e-06
18.538349 -6.3032511e-06
18.585247 -6.2328753e-06
18.632145 -6.1631592e-06
18.679043 -6.0941412e-06
18.72594 -6.0258596e-06
18.772838 -5.9583527e-06
18.819736 -5.8916588e-06
18.866634 -5.8258164e-06
18.913532 -5.7608637e-06
18.96043 -5.696839e-06
19.007328 -5.6337807e-06
19.054226 -5.5717272e-06
19.101124 -5.5107167e-06
19.148021 -5.4507877e-06
19.194919 -5.3919784e-06
19.241817 -5.3343272e-06
19.288715 -5.2778724e-06
19.335613 -5.2226523e-06
19.382511 -5.1687054e-06
19.429409 -5.1160698e-06
19.476307 -5.064784e-06
19.523205 -5.0148864e-06
19.570103 -4.9664151e-06
19.617 -4.9194086e-06
19.663898 -4.8739053e-06
19.710796 -4.8299433e-06
19.757694 -4.7875612e-06
19.804592 -4.7467971e-06
19.85149 -4.7076895e-06
19.898388 -4.6702767e-06
19.945286 -4.634597e-06
19.992184 -4.6006888e-06
20.039082 -4.5679511e-06
20.085979 -4.5352265e-06
20.132877 -4.5024935e-06
20.179775 -4.4697562e-06
20.226673 -4.4370183e-06
20.273571 -4.4042838e-06
20.320469 -4.3715566e-06
20.367367 -4.3388406e-06
20.414265 -4.3061397e-06
20.461163 -4.2734578e-06
20.508061 -4.2407989e-06
20.554958 -4.2081667e-06
20.601856 -4.1755654e-06
20.648754 -4.1429986e-06
20.695652 -4.1104704e-06
20.74255 -4.0779847e-06
20.789448 -4.0455453e-06
20.836346 -4.0131562e-06
20.883244 -3.9808213e-06
20.930142 -3.9485445e-06
20.97704 -3.9163296e-06
21.023937 -3.8841807e-06
21.070835 -3.8521016e-06
21.117733 -3.8200962e-06
21.164631 -3.7881684e-06
21.211529 -3.7563222e-06
21.258427 -3.7245614e-06
21.305325 -3.6928899e-06
21.352223 -3.6613117e-06
21.399121 -3.6298307e-06
21.446019 -3.5984507e-06
21.492916 -3.5671757e-06
21.539814 -3.5360096e-06
21.586712 -3.5049563e-06
21.63361 -3.4740197e-06
21.680508 -3.4432037e-06
21.727406 -3.4125122e-06
21.774304 -3.3819491e-06
21.821202 -3.3515184e-06
21.8681 -3.3212239e-06
21.914998 -3.2910695e-06
21.961895 -3.2610592e-06
22.008793 -3.2311969e-06
22.055691 -3.2014864e-06
22.102589 -3.1719317e-06
22.149487 -3.1425367e-06
22.196385 -3.1133052e-06
22.243283 -3.0842413e-06
22.290181 -3.0553487e-06
22.337079 -3.0266315e-06
22.383977 -2.9980935e-06
22.430874 -2.9697386e-06
22.477772 -2.9415707e-06
22.52467 -2.9135938e-06
22.571568 -2.8858117e-06
22.618466 -2.8582284e-06
22.665364 -2.8308478e-06
22.712262 -2.8036737e-06
22.75916 -2.7767101e-06
22.806058 -2.7499609e-06
22.852956 -2.7234299e-06
22.899853 -2.6971212e-06
22.946751 -2.6710386e-06
22.993649 -2.645186e-06
23.040547 -2.6195673e-06
23.087445 -2.5941864e-06
23.134343 -2.5690473e-06
23.181241 -2.5441538e-06
23.228139 -2.5195099e-06
23.275037 -2.4951194e-06
23.321935 -2.4709863e-06
23.368832 -2.4471145e-06
23.41573 -2.4235078e-06
23.462628 -2.4001703e-06
23.509526 -2.3771057e-06
23.556424 -2.354318e-06
23.603322 -2.3318112e-06
23.65022 -2.309589e-06
23.697118 -2.2876555e-06
23.744016 -2.2660145e-06
23.790914 -2.24467e-06
23.837811 -2.2236258e-06
23.884709 -2.2028859e-06
23.931607 -2.1824541e-06
23.978505 -2.1623344e-06
24.025403 -2.1425306e-06
24.072301 -2.1230468e-06
24.119199 -2.1038867e-06
24.166097 -2.0850544e-06
24.212995 -2.0665536e-06
24.259893 -2.0483884e-06
24.30679 -2.0305626e-06
24.353688 -2.0130801e-06
24.400586 -1.9959448e-06
24.447484 -1.9791607e-06
24.494382 -1.9627317e-06
24.54128 -1.9466616e-06
24.588178 -1.9309543e-06
24.635076 -1.9156139e-06
24.681974 -1.9006441e-06
24.728872 -1.8860489e-06
24.775769 -1.8718322e-06
24.822667 -1.8579979e-06
24.869565 -1.8445499e-06
24.916463 -1.8314921e-06
24.963361 -1.8188285e-06
25.010259 -1.806553e-06
25.057157 -1.7943926e-06
25.104055 -1.7822236e-06
25.150953 -1.7700479e-06
25.197851 -1.7578675e-06
25.244748 -1.7456842e-06
25.291646 -1.7335e-06
25.338544 -1.7213167e-06
25.385442 -1.7091363e-06
25.43234 -1.6969607e-06
25.479238 -1.6847918e-06
25.526136 -1.6726315e-06
25.573034 -1.6604817e-06
25.619932 -1.6483443e-06
25.66683 -1.6362213e-06
25.713727 -1.6241146e-06
25.760625 -1.612026e-06
25.807523 -1.5999575e-06
25.854421 -1.5879109e-06
25.901319 -1.5758883e-06
25.948217 -1.5638915e-06
25.995115 -1.5519224e-06
26.042013 -1.5399829e-06
26.088911 -1.528075e-06
26.135809 -1.5162005e-06
26.182706 -1.5043614e-06
26.229604 -1.4925596e-06
26.276502 -1.4807969e-06
26.3234 -1.4690753e-06
26.370298 -1.4573968e-06
26.417196 -1.4457632e-06
26.464094 -1.4341764e-06
26.510992 -1.4226383e-06
26.55789 -1.4111509e-06
26.604787 -1.399716e-06
26.651685 -1.3883357e-06
26.698583 -1.3770117e-06
26.745481 -1.365746e-06
26.792379 -1.3545405e-06
26.839277 -1.3433971e-06
26.886175 -1.3323178e-06
26.933073 -1.3213044e-06
26.979971 -1.3103588e-06
27.026869 -1.299483e-06
27.073766 -1.2886789e-06
27.120664 -1.2779484e-06
27.167562 -1.2672933e-06
27.21446 -1.2567157e-06
27.261358 -1.2462174e-06
27.308256 -1.2358003e-06
27.355154 -1.2254663e-06
27.402052 -1.2152174e-06
27.44895 -1.2050555e-06
27.495848 -1.1949824e-06
27.542745 -1.1850001e-06
27.589643 -1.1751105e-06
27.636541 -1.1653155e-06
27.683439 -1.155617e-06
27.730337 -1.146017e-06
27.777235 -1.1365173e-06
27.824133 -1.1271198e-06
27.871031 -1.1178265e-06
27.917929 -1.1086393e-06
27.964827 -1.09956e-06
28.011724 -1.0905907e-06
28.058622 -1.0817331e-06
28.10552 -1.0729892e-06
28.152418 -1.064361e-06
28.199316 -1.0558503e-06
28.246214 -1.0474591e-06
28.293112 -1.0391892e-06
28.34001 -1.0310426e-06
28.386908 -1.0230212e-06
28.433806 -1.0151269e-06
28.480703 -1.0073615e-06
28.527601 -9.997271e-07
28.574499 -9.922255e-07
28.621397 -9.8485863e-07
28.668295 -9.7762842e-07
28.715193 -9.7053676e-07
28.762091 -9.6358557e-07
28.808989 -9.5677676e-07
28.855887 -9.5011224e-07
28.902785 -9.4359392e-07
28.949682 -9.3722371e-07
28.99658 -9.3100352e-07
29.043478 -9.2493527e-07
29.090376 -9.1902087e-07
29.137274 -9.1326222e-07
29.184172 -9.0766124e-07
29.23107 -9.0221983e-07
29.277968 -8.9693992e-07
29.324866 -8.918234e-07
29.371764 -8.868722e-07
29.418661 -8.8208822e-07
29.465559 -8.7747337e-07
29.512457 -8.7302957e-07
29.559355 -8.6875872e-07
29.606253 -8.6466274e-07
29.653151 -8.6074353e-07
29.700049 -8.5700302e-07
29.746947 -8.534431e-07
29.793845 -8.5006569e-07
29.840743 -8.468727e-07
29.88764 -8.4386605e-07
29.934538 -8.4104764e-07
29.981436 -8.3841938e-07
30.028334 -8.3594789e-07
30.075232 -8.3349127e-07
30.12213 -8.3103446e-07
30.169028 -8.2857748e-07
30.215926 -8.2612035e-07
30.262824 -8.2366309e-07
30.309722 -8.2120573e-07
30.356619 -8.1874828e-07
30.403517 -8.1629078e-07
30.450415 -8.1383325e-07
30.497313 -8.1137571e-07
30.544211 -8.0891818e-07
30.591109 -8.064607e-07
30.638007 -8.0400327e-07
30.684905 -8.0154592e-07
30.731803 -7.9908869e-07
30.778701 -7.9663159e-07
30.825598 -7.9417464e-07
30.872496 -7.9171787e-07
30.919394 -7.892613e-07
30.966292 -7.8680496e-07
31.01319 -7.8434887e-07
31.060088 -7.8189305e-07
31.106986 -7.7943753e-07
31.153884 -7.7698233e-07
31.200782 -7.7452747e-07
31.24768 -7.7207298e-07
31.294577 -7.6961888e-07
31.341475 -7.6716519e-07
31.388373 -7.6471194e-07
31.435271 -7.6225915e-07
31.482169 -7.5980684e-07
31.529067 -7.5735505e-07
31.575965 -7.5490378e-07
31.622863 -7.5245307e-07
31.669761 -7.5000294e-07
31.716659 -7.4755341e-07
31.763556 -7.451045e-07
31.810454 -7.4265625e-07
31.857352 -7.4020866e-07
31.90425 -7.3776178e-07
31.951148 -7.3531561e-07
31.998046 -7.3287018e-07
32.044944 -7.3042552e-07
32.091842 -7.2798166e-07
32.13874 -7.255386e-07
32.185638 -7.2309638e-07
32.232535 -7.2065503e-07
32.279433 -7.1821455e-07
32.326331 -7.1577499e-07
32.373229 -7.1333635e-07
32.420127 -7.1089867e-07
32.467025 -7.0846197e-07
32.513923 -7.0602627e-07
32.560821 -7.0359159e-07
32.607719 -7.0115796e-07
32.654617 -6.9872541e-07
32.701514 -6.9629395e-07
32.748412 -6.9386361e-07
32.79531 -6.9143441e-07
32.842208 -6.8900638e-07
32.889106 -6.8657954e-07
32.936004 -6.8415391e-07
32.982902 -6.8172952e-07
33.0298 -6.7930639e-07
33.076698 -6.7688454e-07
33.123596 -6.74464e-07
33.170493 -6.7204479e-07
33.217391 -6.6962693e-07
33.264289 -6.6721045e-07
33.311187 -6.6479537e-07
33.358085 -6.6238172e-07
33.404983 -6.5996951e-07
33.451881 -6.5755878e-07
33.498779 -6.5514954e-07
33.545677 -6.5274183e-07
33.592574 -6.5033565e-07
33.639472 -6.4793104e-07
33.68637 -6.4552802e-07
33.733268 -6.4312661e-07
33.780166 -6.4072683e-07
33.827064 -6.3832872e-07
33.873962 -6.3593229e-07
33.92086 -6.3353757e-07
33.967758 -6.3114457e-07
34.014656 -6.2875334e-07
34.061553 -6.2636387e-07
34.108451 -6.2397621e-07
34.155349 -6.2159038e-07
34.202247 -6.1920639e-07
34.249145 -6.1682427e-07
34.296043 -6.1444405e-07
34.342941 -6.1206574e-07
34.389839 -6.0968938e-07
34.436737 -6.0731498e-07
34.483635 -6.0494258e-07
34.530532 -6.0257218e-07
34.57743 -6.0020382e-07
34.624328 -5.9783752e-07
34.671226 -5.954733e-07
34.718124 -5.9311119e-07
34.765022 -5.9075121e-07
34.81192 -5.8839338e-07
34.858818 -5.8603773e-07
34.905716 -5.8368428e-07
34.952614 -5.8133305e-07
34.999511 -5.7898408e-07
35.046409 -5.7663737e-07
35.093307 -5.7429295e-07
35.140205 -5.7195086e-07
35.187103 -5.696111e-07
35.234001 -5.6727371e-07
35.280899 -5.6493871e-07
35.327797 -5.6260612e-07
35.374695 -5.6027597e-07
35.421593 -5.5794828e-07
35.46849 -5.5562306e-07
35.515388 -5.5330036e-07
35.562286 -5.5098018e-07
35.609184 -5.4866256e-07
35.656082 -5.4634751e-07
35.70298 -5.4403507e-07
35.749878 -5.4172524e-07
35.796776 -5.3941807e-07
35.843674 -5.3711356e-07
35.890572 -5.3481175e-07
35.937469 -5.3251266e-07
35.984367 -5.302163e-07
36.031265 -5.2792271e-07
36.078163 -5.2563191e-07
36.125061 -5.2334393e-07
36.171959 -5.2105877e-07
36.218857 -5.1877648e-07
36.265755 -5.1649707e-07
36.312653 -5.1422056e-07
36.359551 -5.1194698e-07
36.406448 -5.0967636e-07
36.453346 -5.0740871e-07
36.500244 -5.0514406e-07
36.547142 -5.0288243e-07
36.59404 -5.0062385e-07
36.640938 -4.9836834e-07
36.687836 -4.9611593e-07
36.734734 -4.9386663e-07
36.781632 -4.9162047e-07
36.82853 -4.8937748e-07
36.875427 -4.8713767e-07
36.922325 -4.8490108e-07
36.969223 -4.8266772e-07
37.016121 -4.8043762e-07
37.063019 -4.782108e-07
37.109917 -4.7598728e-07
37.156815 -4.737671e-07
37.203713 -4.7155026e-07
37.250611 -4.6933681e-07
37.297509 -4.6712675e-07
37.344406 -4.6492011e-07
37.391304 -4.6271692e-07
37.438202 -4.605172e-07
37.4851 -4.5832098e-07
37.531998 -4.5612827e-07
37.578896 -4.539391e-07
37.625794 -4.5175349e-07
37.672692 -4.4957148e-07
37.71959 -4.4739307e-07
37.766488 -4.452183e-07
37.813385 -4.4304718e-07
37.860283 -4.4087975e-07
37.907181 -4.3871602e-07
37.954079 -4.3655602e-07
38.000977 -4.3439977e-07
38.047875 -4.322473e-07
38.094773 -4.3009862e-07
38.141671 -4.2795377e-07
38.188569 -4.2581277e-07
38.235467 -4.2367563e-07
38.282364 -4.2154239e-07
38.329262 -4.1941306e-07
38.37616 -4.1728768e-07
38.423058 -4.1516625e-07
38.469956 -4.1304882e-07
38.516854 -4.1093539e-07
38.563752 -4.08826e-07
38.61065 -4.0672066e-07
38.657548 -4.0461941e-07
38.704446 -4.0252226e-07
38.751343 -4.0042924e-07
38.798241 -3.9834037e-07
38.845139 -3.9625568e-07
38.892037 -3.9417518e-07
38.938935 -3.9209891e-07
38.985833 -3.9002688e-07
39.032731 -3.8795912e-07
39.079629 -3.8589565e-07
39.126527 -3.838365e-07
39.173425 -3.8178169e-07
39.220322 -3.7973124e-07
39.26722 -3.7768518e-07
39.314118 -3.7564353e-07
39.361016 -3.7360631e-07
39.407914 -3.7157355e-07
39.454812 -3.6954527e-07
39.50171 -3.675215e-07
39.548608 -3.6550225e-07
39.595506 -3.6348755e-07
39.642404 -3.6147743e-07
39.689301 -3.5947191e-07
39.736199 -3.57471e-07
39.783097 -3.5547475e-07
39.829995 -3.5348316e-07
39.876893 -3.5149626e-07
39.923791 -3.4951408e-07
39.970689 -3.4753664e-07
40.017587 -3.4556396e-07
40.064485 -3.4359607e-07
40.111383 -3.4163298e-07
40.15828 -3.3967474e-07
40.205178 -3.3772134e-07
40.252076 -3.3577283e-07
40.298974 -3.3382922e-07
40.345872 -3.3189054e-07
40.39277 -3.2995681e-07
40.439668 -3.2802805e-07
40.486566 -3.2610429e-07
40.533464 -3.2418555e-07
40.580362 -3.2227186e-07
40.627259 -3.2036324e-07
40.674157 -3.184597e-07
40.721055 -3.1656129e-07
40.767953 -3.1466801e-07
40.814851 -3.1277989e-07
40.861749 -3.1089696e-07
40.908647 -3.0901924e-07
40.955545 -3.0714675e-07
41.002443 -3.0527952e-07
41.04934 -3.0341757e-07
41.096238 -3.0156092e-07
41.143136 -2.997096e-07
41.190034 -2.9786362e-07
41.236932 -2.9602303e-07
41.28383 -2.9418783e-07
41.330728 -2.9235805e-07
41.377626 -2.9053371e-07
41.424524 -2.8871485e-07
41.471422 -2.8690147e-07
41.518319 -2.8509361e-07
41.565217 -2.8329129e-07
41.612115 -2.8149453e-07
41.659013 -2.7970335e-07
41.705911 -2.7791779e-07
41.752809 -2.7613785e-07
41.799707 -2.7436357e-07
41.846605 -2.7259498e-07
41.893503 -2.7083208e-07
41.940401 -2.6907491e-07
41.987298 -2.6732349e-07
42.034196 -2.6557785e-07
42.081094 -2.63838e-07
42.127992 -2.6210397e-07
42.17489 -2.6037579e-07
42.221788 -2.5865348e-07
42.268686 -2.5693705e-07
42.315584 -2.5522654e-07
42.362482 -2.5352197e-07
42.40938 -2.5182336e-07
42.456277 -2.5013073e-07
42.503175 -2.4844411e-07
42.550073 -2.4676353e-07
42.596971 -2.45089e-07
42.643869 -2.4342055e-07
42.690767 -2.417582e-07
42.737665 -2.4010198e-07
42.784563 -2.3845191e-07
42.831461 -2.3680801e-07
42.878359 -2.3517031e-07
42.925256 -2.3353883e-07
42.972154 -2.3191359e-07
43.019052 -2.3029462e-07
43.06595 -2.2868194e-07
43.112848 -2.2707557e-07
43.159746 -2.2547554e-07
43.206644 -2.2388187e-07
43.253542 -2.2229459e-07
43.30044 -2.2071372e-07
43.347338 -2.1913927e-07
43.394235 -2.1757129e-07
43.441133 -2.1600978e-07
43.488031 -2.1445477e-07
43.534929 -2.1290629e-07
43.581827 -2.1136436e-07
43.628725 -2.09829e-07
43.675623 -2.0830023e-07
43.722521 -2.0677809e-07
43.769419 -2.0526259e-07
43.816317 -2.0375376e-07
43.863214 -2.0225162e-07
43.910112 -2.0075619e-07
43.95701 -1.992675e-07
44.003908 -1.9778557e-07
44.050806 -1.9631042e-07
44.097704 -1.9484208e-07
44.144602 -1.9338057e-07
44.1915 -1.9192592e-07
44.238398 -1.9047815e-07
44.285296 -1.8903727e-07
44.332193 -1.8760333e-07
44.379091 -1.8617633e-07
44.425989 -1.847563e-07
44.472887 -1.8334327e-07
44.519785 -1.8193726e-07
44.566683 -1.805383e-07
44.613581 -1.7914639e-07
44.660479 -1.7776158e-07
44.707377 -1.7638389e-07
44.754275 -1.7501332e-07
44.801172 -1.7364992e-07
44.84807 -1.7229371e-07
44.894968 -1.709447e-07
44.941866 -1.6960292e-07
44.988764 -1.682684e-07
45.035662 -1.6694115e-07
45.08256 -1.6562121e-07
45.129458 -1.6430859e-07
45.176356 -1.6300332e-07
45.223254 -1.6170542e-07
45.270151 -1.6041491e-07
45.317049 -1.5913183e-07
45.363947 -1.5785619e-07
45.410845 -1.5658801e-07
45.457743 -1.5532733e-07
45.504641 -1.5407415e-07
45.551539 -1.5282852e-07
45.598437 -1.5159044e-07
45.645335 -1.5035995e-07
45.692233 -1.4913706e-07
45.73913 -1.4792181e-07
45.786028 -1.467142e-07
45.832926 -1.4551428e-07
45.879824 -1.4432206e-07
45.926722 -1.4313756e-07
45.97362 -1.4196081e-07
46.020518 -1.4079183e-07
46.067416 -1.3963065e-07
46.114314 -1.3847728e-07
46.161212 -1.3733176e-07
46.208109 -1.361941e-07
46.255007 -1.3506434e-07
46.301905 -1.3394248e-07
46.348803 -1.3282856e-07
46.395701 -1.317226e-07
46.442599 -1.3062463e-07
46.489497 -1.2953466e-07
46.536395 -1.2845272e-07
46.583293 -1.2737883e-07
46.630191 -1.2631302e-07
46.677088 -1.2525532e-07
46.723986 -1.2420573e-07
46.770884 -1.231643e-07
46.817782 -1.2213103e-07
46.86468 -1.2110596e-07
46.911578 -1.2008911e-07
46.958476 -1.190805e-07
47.005374 -1.1808016e-07
47.052272 -1.170881e-07
47.09917 -1.1610436e-07
47.146067 -1.1512895e-07
47.192965 -1.141619e-07
47.239863 -1.1320324e-07
47.286761 -1.1225298e-07
47.333659 -1.1131115e-07
47.380557 -1.1037777e-07
47.427455 -1.0945287e-07
47.474353 -1.0853647e-07
47.521251 -1.076286e-07
47.568149 -1.0672927e-07
47.615046 -1.0583852e-07
47.661944 -1.0495635e-07
47.708842 -1.0408281e-07
47.75574 -1.032179e-07
47.802638 -1.0236167e-07
47.849536 -1.0151412e-07
47.896434 -1.0067528e-07
47.943332 -9.9845176e-08
47.99023 -9.9023832e-08
48.037128 -9.821127e-08
48.084025 -9.7407515e-08
48.130923 -9.6612589e-08
48.177821 -9.5826516e-08
48.224719 -9.5049319e-08
48.271617 -9.4281023e-08
48.318515 -9.3521649e-08
48.365413 -9.2771223e-08
48.412311 -9.2029767e-08
48.459209 -9.1297306e-08
48.506106 -9.0573861e-08
48.553004 -8.9859458e-08
48.599902 -8.9154119e-08
48.6468 -8.8457868e-08
48.693698 -8.7770729e-08
48.740596 -8.7092725e-08
48.787494 -8.6423879e-08
48.834392 -8.5764215e-08
48.88129 -8.5113757e-08
48.928188 -8.4472528e-08
48.975085 -8.3840552e-08
49.021983 -8.3217851e-08
49.068881 -8.260445e-08
49.115779 -8.2000373e-08
49.162677 -8.1405641e-08
49.209575 -8.082028e-08
49.256473 -8.0244313e-08
49.303371 -7.9677762e-08
49.350269 -7.9120652e-08
49.397167 -7.8573007e-08
49.444064 -7.8034849e-08
49.490962 -7.7506202e-08
49.53786 -7.698709e-08
49.584758 -7.6477535e-08
49.631656 -7.5977563e-08
49.678554 -7.5487196e-08
49.725452 -7.5006457e-08
49.77235 -7.4535371e-08
49.819248 -7.407396e-08
49.866146 -7.3622248e-08
49.913043 -7.318026e-08
49.959941 -7.2748017e-08
50.006839 -7.2325436e-08
50.053737 -7.1906173e-08
50.100635 -7.1486519e-08
50.147533 -7.1066475e-08
50.194431 -7.0646046e-08
50.241329 -7.0225233e-08
50.288227 -6.9804039e-08
50.335125 -6.9382468e-08
50.382022 -6.8960521e-08
50.42892 -6.8538202e-08
50.475818 -6.8115514e-08
50.522716 -6.7692459e-08
50.569614 -6.726904e-08
50.616512 -6.684526e-08
50.66341 -6.6421121e-08
50.710308 -6.5996628e-08
50.757206 -6.5571781e-08
50.804104 -6.5146584e-08
50.851001 -6.4721041e-08
50.897899 -6.4295153e-08
50.944797 -6.3868923e-08
50.991695 -6.3442354e-08
51.038593 -6.301545e-08
51.085491 -6.2588212e-08
51.132389 -6.2160644e-08
51.179287 -6.1732748e-08
51.226185 -6.1304528e-08
51.273083 -6.0875985e-08
51.31998 -6.0447123e-08
51.366878 -6.0017945e-08
51.413776 -5.9588452e-08
51.460674 -5.9158649e-08
51.507572 -5.8728538e-08
51.55447 -5.8298122e-08
51.601368 -5.7867403e-08
51.648266 -5.7436384e-08
51.695164 -5.7005069e-08
51.742062 -5.6573459e-08
51.788959 -5.6141558e-08
51.835857 -5.5709368e-08
51.882755 -5.5276892e-08
51.929653 -5.4844134e-08
51.976551 -5.4411095e-08
52.023449 -5.3977779e-08
52.070347 -5.3544188e-08
52.117245 -5.3110326e-08
52.164143 -5.2676194e-08
52.211041 -5.2241796e-08
52.257938 -5.1807134e-08
52.304836 -5.1372212e-08
52.351734 -5.0937032e-08
52.398632 -5.0501597e-08
52.44553 -5.006591e-08
52.492428 -4.9629973e-08
52.539326 -4.9193789e-08
52.586224 -4.8757362e-08
52.633122 -4.8320693e-08
52.68002 -4.7883786e-08
52.726917 -4.7446643e-08
52.773815 -4.7009268e-08
52.820713 -4.6571662e-08
52.867611 -4.613383e-08
52.914509 -4.5695772e-08
52.961407 -4.5257494e-08
53.008305 -4.4818996e-08
53.055203 -4.4380283e-08
53.102101 -4.3941356e-08
53.148999 -4.3502218e-08
53.195896 -4.3062873e-08
53.242794 -4.2623324e-08
53.289692 -4.2183572e-08
53.33659 -4.174362e-08
53.383488 -4.1303473e-08
53.430386 -4.0863131e-08
53.477284 -4.0422599e-08
53.524182 -3.9981878e-08
53.57108 -3.9540972e-08
53.617978 -3.9099883e-08
53.664875 -3.8658615e-08
53.711773 -3.821717e-08
53.758671 -3.777555e-08
53.805569 -3.7333759e-08
53.852467 -3.68918e-08
53.899365 -3.6449674e-08
53.946263 -3.6007386e-08
53.993161 -3.5564937e-08
54.040059 -3.5122331e-08
54.086957 -3.4679571e-08
54.133854 -3.4236658e-08
54.180752 -3.3793596e-08
54.22765 -3.3350388e-08
54.274548 -3.2907036e-08
54.321446 -3.2463544e-08
54.368344 -3.2019914e-08
54.415242 -3.1576149e-08
54.46214 -3.1132251e-08
54.509038 -3.0688224e-08
54.555936 -3.024407e-08
54.602833 -2.9799791e-08
54.649731 -2.9355392e-08
54.696629 -2.8910875e-08
54.743527 -2.8466241e-08
54.790425 -2.8021495e-08
54.837323 -2.7576639e-08
54.884221 -2.7131676e-08
54.931119 -2.6686608e-08
54.978017 -2.6241438e-08
55.024915 -2.579617e-08
55.071812 -2.5350806e-08
55.11871 -2.4905348e-08
55.165608 -2.44598e-08
55.212506 -2.4014164e-08
55.259404 -2.3568443e-08
55.306302 -2.312264e-08
55.3532 -2.2676757e-08
55.400098 -2.2230798e-08
55.446996 -2.1784766e-08
55.493894 -2.1338662e-08
55.540791 -2.089249e-08
55.587689 -2.0446253e-08
55.634587 -1.9999953e-08
55.681485 -1.9553593e-08
55.728383 -1.9107177e-08
55.775281 -1.8660706e-08
55.822179 -1.8214183e-08
55.869077 -1.7767612e-08
55.915975 -1.7320995e-08
55.962872 -1.6874335e-08
56.00977 -1.6427635e-08
56.056668 -1.5980897e-08
56.103566 -1.5534124e-08
56.150464 -1.508732e-08
56.197362 -1.4640486e-08
56.24426 -1.4193626e-08
56.291158 -1.3746743e-08
56.338056 -1.3299839e-08
56.384954 -1.2852916e-08
56.431851 -1.2405979e-08
56.478749 -1.1959029e-08
56.525647 -1.151207e-08
56.572545 -1.1065104e-08
56.619443 -1.0618133e-08
56.666341 -1.0171162e-08
56.713239 -9.7241918e-09
56.760137 -9.2772262e-09
56.807035 -8.8302678e-09
56.853933 -8.3833193e-09
56.90083 -7.9363834e-09
56.947728 -7.4894631e-09
56.994626 -7.0425611e-09
57.041524 -6.5956802e-09
57.088422 -6.1488231e-09
57.13532 -5.7019927e-09
57.182218 -5.2551917e-09
57.229116 -4.808423e-09
57.276014 -4.3616893e-09
57.322912 -3.9149935e-09
57.369809 -3.4683382e-09
57.416707 -3.0217264e-09
57.463605 -2.5751607e-09
57.510503 -2.1286441e-09
57.557401 -1.6821792e-09
57.604299 -1.2357688e-09
57.651197 -7.8941581e-10
57.698095 -3.4312295e-10
57.744993 1.0310697e-10
57.791891 5.4927118e-10
57.838788 9.9536688e-10
57.885686 1.4413913e-09
57.932584 1.8873416e-09
57.979482 2.333215e-09
58.02638 2.7790088e-09
58.073278 3.2247201e-09
58.120176 3.6703462e-09
58.167074 4.1158842e-09
58.213972 4.5613314e-09
58.26087 5.006685e-09
58.307767 5.4519422e-09
58.354665 5.8971002e-09
58.401563 6.3421562e-09
58.448461 6.7871074e-09
58.495359 7.2319511e-09
58.542257 7.6766844e-09
58.589155 8.1213045e-09
58.636053 8.5658088e-09
58.682951 9.0101943e-09
58.729849 9.4544582e-09
58.776746 9.8985979e-09
58.823644 1.0342611e-08
58.870542 1.0786493e-08
58.91744 1.1230243e-08
58.964338 1.1673858e-08
59.011236 1.2117334e-08
59.058134 1.2560669e-08
59.105032 1.3003861e-08
59.15193 1.3446906e-08
59.198828 1.3889801e-08
59.245725 1.4332544e-08
59.292623 1.4775133e-08
59.339521 1.5217563e-08
59.386419 1.5659833e-08
59.433317 1.6101939e-08
59.480215 1.654388e-08
59.527113 1.6985651e-08
59.574011 1.7427251e-08
59.620909 1.7868676e-08
59.667807 1.8309924e-08
59.714704 1.8750992e-08
59.761602 1.9191877e-08
59.8085 1.9632576e-08
59.855398 2.0073087e-08
59.902296 2.0513406e-08
59.949194 2.0953532e-08
59.996092 2.139346e-08
60.04299 2.1833189e-08
60.089888 2.2272716e-08
60.136786 2.2712037e-08
60.183683 2.315115e-08
60.230581 2.3590053e-08
60.277479 2.4028742e-08
60.324377 2.4467215e-08
60.371275 2.4905468e-08
60.418173 2.53435e-08
60.465071 2.5781306e-08
60.511969 2.6218886e-08
60.558867 2.6656235e-08
60.605765 2.709335e-08
60.652662 2.753023e-08
60.69956 2.7966872e-08
60.746458 2.8403272e-08
60.793356 2.8839427e-08
60.840254 2.9275336e-08
60.887152 2.9710994e-08
60.93405 3.01464e-08
60.980948 3.0581551e-08
61.027846 3.1016443e-08
61.074744 3.1451075e-08
61.121641 3.1885442e-08
61.168539 3.2319543e-08
61.215437 3.2753375e-08
61.262335 3.3186934e-08
61.309233 3.3620219e-08
61.356131 3.4053226e-08
61.403029 3.4485952e-08
61.449927 3.4918395e-08
61.496825 3.5350552e-08
61.543723 3.578242e-08
61.59062 3.6213996e-08
61.637518 3.6645278e-08
61.684416 3.7076262e-08
61.731314 3.7506947e-08
61.778212 3.7937328e-08
61.82511 3.8367404e-08
61.872008 3.8797172e-08
61.918906 3.9226628e-08
61.965804 3.9655771e-08
62.012702 4.0084596e-08
62.059599 4.0513102e-08
62.106497 4.0941286e-08
62.153395 4.1369144e-08
62.200293 4.1796674e-08
62.247191 4.2223874e-08
62.294089 4.265074e-08
62.340987 4.307727e-08
62.387885 4.3503461e-08
62.434783 4.392931e-08
62.481681 4.4354814e-08
62.528578 4.477997e-08
62.575476 4.5204777e-08
62.622374 4.562923e-08
62.669272 4.6053328e-08
62.71617 4.6477066e-08
62.763068 4.6900444e-08
62.809966 4.7323457e-08
62.856864 4.7746103e-08
62.903762 4.816838e-08
62.95066 4.8590283e-08
62.997557 4.9011812e-08
63.044455 4.9432962e-08
63.091353 4.9853731e-08
63.138251 5.0274117e-08
63.185149 5.0694116e-08
63.232047 5.1113725e-08
63.278945 5.1532943e-08
63.325843 5.1951765e-08
63.372741 5.237019e-08
63.419638 5.2788215e-08
63.466536 5.3205836e-08
63.513434 5.3623051e-08
63.560332 5.4039857e-08
63.60723 5.4456252e-08
63.654128 5.4872232e-08
63.701026 5.5287795e-08
63.747924 5.5702938e-08
63.794822 5.6117658e-08
63.84172 5.6531952e-08
63.888617 5.6945819e-08
63.935515 5.7359253e-08
63.982413 5.7772254e-08
64.029311 5.8184819e-08
64.076209 5.8596943e-08
64.123107 5.9008626e-08
64.170005 5.9419863e-08
64.216903 5.9830652e-08
64.263801 6.0240991e-08
64.310699 6.0650876e-08
64.357596 6.1060305e-08
64.404494 6.1469274e-08
64.451392 6.1877782e-08
64.49829 6.2285826e-08
64.545188 6.2693401e-08
64.592086 6.3100507e-08
64.638984 6.3507139e-08
64.685882 6.3913296e-08
64.73278 6.4318974e-08
64.779678 6.4724171e-08
64.826575 6.5128884e-08
64.873473 6.5533109e-08
64.920371 6.5936845e-08
64.967269 6.6340088e-08
65.014167 6.6742836e-08
65.061065 6.7145086e-08
65.107963 6.7546835e-08
65.154861 6.794808e-08
65.201759 6.8348819e-08
65.248657 6.8749048e-08
65.295554 6.9148766e-08
65.342452 6.9547968e-08
65.38935 6.9946653e-08
65.436248 7.0344817e-08
65.483146 7.0742458e-08
65.530044 7.1139573e-08
65.576942 7.153616e-08
65.62384 7.1932214e-08
65.670738 7.2327735e-08
65.717636 7.2722718e-08
65.764533 7.3117161e-08
65.811431 7.3511061e-08
65.858329 7.3904416e-08
65.905227 7.4297222e-08
65.952125 7.4689478e-08
65.999023 7.5081179e-08
66.045921 7.5472324e-08
66.092819 7.5862909e-08
66.139717 7.6252932e-08
66.186615 7.664239e-08
66.233512 7.703128e-08
66.28041 7.7419599e-08
66.327308 7.7807345e-08
66.374206 7.8194514e-08
66.421104 7.8581105e-08
66.468002 7.8967113e-08
66.5149 7.9352538e-08
66.561798 7.9737374e-08
66.608696 8.0121621e-08
66.655594 8.0505274e-08
66.702491 8.0888332e-08
66.749389 8.1270791e-08
66.796287 8.1652649e-08
66.843185 8.2033903e-08
66.890083 8.241455e-08
66.936981 8.2794587e-08
66.983879 8.3174011e-08
67.030777 8.3552821e-08
67.077675 8.3931012e-08
67.124573 8.4308582e-08
67.17147 8.4685529e-08
67.218368 8.5061849e-08
67.265266 8.543754e-08
67.312164 8.5812599e-08
67.359062 8.6187023e-08
67.40596 8.6560809e-08
67.452858 8.6933955e-08
67.499756 8.7306458e-08
67.546654 8.7678315e-08
67.593552 8.8049523e-08
67.640449 8.8420079e-08
67.687347 8.8789982e-08
67.734245 8.9159227e-08
67.781143 8.9527812e-08
67.828041 8.9895734e-08
67.874939 9.0262991e-08
67.921837 9.0629579e-08
67.968735 9.0995497e-08
68.015633 9.136074e-08
68.062531 9.1725307e-08
68.109428 9.2089195e-08
68.156326 9.24524e-08
68.203224 9.281492e-08
68.250122 9.3176752e-08
68.29702 9.3537894e-08
68.343918 9.3898342e-08
68.390816 9.4258094e-08
68.437714 9.4617148e-08
68.484612 9.4975499e-08
68.53151 9.5333146e-08
68.578407 9.5690085e-08
68.625305 9.6046314e-08
68.672203 9.640183e-08
68.719101 9.6756631e-08
68.765999 9.7110713e-08
68.812897 9.7464074e-08
68.859795 9.781671e-08
68.906693 9.816862e-08
68.953591 9.85198e-08
69.000489 9.8870248e-08
69.047386 9.921996e-08
69.094284 9.9568934e-08
69.141182 9.9917168e-08
69.18808 1.0026466e-07
69.234978 1.006114e-07
69.281876 1.009574e-07
69.328774 1.0130264e-07
69.375672 1.0164713e-07
69.42257 1.0199085e-07
69.469468 1.0233382e-07
69.516365 1.0267603e-07
69.563263 1.0301747e-07
69.610161 1.0335814e-07
69.657059 1.0369804e-07
69.703957 1.0403717e-07
69.750855 1.0437552e-07
69.797753 1.0471309e-07
69.844651 1.0504987e-07
69.891549 1.0538587e-07
69.938447 1.0572109e-07
69.985344 1.0605551e-07
70.032242 1.0638913e-07
70.07914 1.0672197e-07
70.126038 1.07054e-07
70.172936 1.0738523e-07
70.219834 1.0771565e-07
70.266732 1.0804527e-07
70.31363 1.0837407e-07
70.360528 1.0870207e-07
70.407426 1.0902924e-07
70.454323 1.093556e-07
70.501221 1.0968113e-07
70.548119 1.1000585e-07
70.595017 1.1032973e-07
70.641915 1.1065278e-07
70.688813 1.10975e-07
70.735711 1.1129639e-07
70.782609 1.1161694e-07
70.829507 1.1193664e-07
70.876404 1.122555e-07
70.923302 1.1257352e-07
70.9702 1.1289068e-07
71.017098 1.1320699e-07
71.063996 1.1352245e-07
71.110894 1.1383705e-07
71.157792 1.1415079e-07
71.20469 1.1446366e-07
71.251588 1.1477567e-07
71.298486 1.1508681e-07
71.345383 1.1539708e-07
71.392281 1.1570647e-07
71.439179 1.1601499e-07
71.486077 1.1632262e-07
71.532975 1.1662937e-07
71.579873 1.1693524e-07
71.626771 1.1724022e-07
71.673669 1.175443e-07
71.720567 1.1784749e-07
71.767465 1.1814979e-07
71.814362 1.1845118e-07
71.86126 1.1875167e-07
71.908158 1.1905126e-07
71.955056 1.1934994e-07
72.001954 1.196477e-07
72.048852 1.1994456e-07
72.09575 1.2024049e-07
72.142648 1.2053551e-07
72.189546 1.2082961e-07
72.236444 1.2112278e-07
72.283341 1.2141502e-07
72.330239 1.2170633e-07
72.377137 1.2199671e-07
72.424035 1.2228615e-07
72.470933 1.2257465e-07
72.517831 1.2286222e-07
72.564729 1.2314883e-07
72.611627 1.234345e-07
72.658525 1.2371922e-07
72.705423 1.2400299e-07
72.75232 1.242858e-07
72.799218 1.2456765e-07
72.846116 1.2484855e-07
72.893014 1.2512847e-07
72.939912 1.2540744e-07
72.98681 1.2568543e-07
73.033708 1.2596245e-07
73.080606 1.2623849e-07
73.127504 1.2651356e-07
73.174402 1.2678764e-07
73.221299 1.2706074e-07
73.268197 1.2733286e-07
73.315095 1.2760398e-07
73.361993 1.2787412e-07
73.408891 1.2814326e-07
73.455789 1.284114e-07
73.502687 1.2867854e-07
73.549585 1.2894468e-07
73.596483 1.2920981e-07
73.643381 1.2947394e-07
73.690278 1.2973705e-07
73.737176 1.2999915e-07
73.784074 1.3026023e-07
73.830972 1.3052029e-07
73.87787 1.3077933e-07
73.924768 1.3103734e-07
73.971666 1.3129433e-07
74.018564 1.3155028e-07
74.065462 1.318052e-07
74.11236 1.3205909e-07
74.159257 1.3231193e-07
74.206155 1.3256373e-07
74.253053 1.3281449e-07
74.299951 1.330642e-07
74.346849 1.3331286e-07
74.393747 1.3356047e-07
74.440645 1.3380702e-07
74.487543 1.3405251e-07
74.534441 1.3429694e-07
74.581339 1.345403e-07
74.628236 1.347826e-07
74.675134 1.3502383e-07
74.722032 1.3526399e-07
74.76893 1.3550307e-07
74.815828 1.3574107e-07
74.862726 1.3597799e-07
74.909624 1.3621382e-07
74.956522 1.3644857e-07
75.00342 1.3668223e-07
75.050318 1.369148e-07
75.097215 1.3714627e-07
75.144113 1.3737664e-07
75.191011 1.3760592e-07
75.237909 1.3783409e-07
75.284807 1.3806115e-07
75.331705 1.3828711e-07
75.378603 1.3851195e-07
75.425501 1.3873568e-07
75.472399 1.3895829e-07
75.519297 1.3917978e-07
75.566194 1.3940015e-07
75.613092 1.3961939e-07
75.65999 1.398375e-07
75.706888 1.4005448e-07
75.753786 1.4027033e-07
75.800684 1.4048504e-07
75.847582 1.4069861e-07
75.89448 1.4091104e-07
75.941378 1.4112232e-07
75.988276 1.4133246e-07
76.035173 1.4154144e-07
76.082071 1.4174927e-07
76.128969 1.4195594e-07
76.175867 1.4216146e-07
76.222765 1.4236581e-07
76.269663 1.42569e-07
76.316561 1.4277102e-07
76.363459 1.4297186e-07
76.410357 1.4317154e-07
76.457255 1.4337004e-07
76.504152 1.4356736e-07
76.55105 1.437635e-07
76.597948 1.4395846e-07
76.644846 1.4415222e-07
76.691744 1.443448e-07
76.738642 1.4453619e-07
76.78554 1.4472638e-07
76.832438 1.4491537e-07
76.879336 1.4510316e-07
76.926234 1.4528974e-07
76.973131 1.4547512e-07
77.020029 1.4565929e-07
77.066927 1.4584225e-07
77.113825 1.4602399e-07
77.160723 1.4620452e-07
77.207621 1.4638382e-07
77.254519 1.465619e-07
77.301417 1.4673875e-07
77.348315 1.4691438e-07
77.395213 1.4708877e-07
77.44211 1.4726193e-07
77.489008 1.4743385e-07
77.535906 1.4760453e-07
77.582804 1.4777397e-07
77.629702 1.4794216e-07
77.6766 1.4810911e-07
77.723498 1.482748e-07
77.770396 1.4843924e-07
77.817294 1.4860242e-07
77.864191 1.4876434e-07
77.911089 1.48925e-07
77.957987 1.4908439e-07
78.004885 1.4924252e-07
78.051783 1.4939937e-07
78.098681 1.4955495e-07
78.145579 1.4970926e-07
78.192477 1.4986228e-07
78.239375 1.5001402e-07
78.286273 1.5016448e-07
78.33317 1.5031365e-07
78.380068 1.5046153e-07
78.426966 1.5060812e-07
78.473864 1.5075341e-07
78.520762 1.508974e-07
78.56766 1.510401e-07
78.614558 1.5118148e-07
78.661456 1.5132156e-07
78.708354 1.5146033e-07
78.755252 1.5159779e-07
78.802149 1.5173393e-07
78.849047 1.5186875e-07
78.895945 1.5200225e-07
78.942843 1.5213443e-07
78.989741 1.5226528e-07
79.036639 1.523948e-07
79.083537 1.5252299e-07
79.130435 1.5264985e-07
79.177333 1.5277536e-07
79.224231 1.5289954e-07
79.271128 1.5302237e-07
79.318026 1.5314386e-07
79.364924 1.5326399e-07
79.411822 1.5338278e-07
79.45872 1.5350021e-07
79.505618 1.5361628e-07
79.552516 1.53731e-07
79.599414 1.5384435e-07
79.646312 1.5395633e-07
79.69321 1.5406695e-07
79.740107 1.5417619e-07
79.787005 1.5428406e-07
79.833903 1.5439056e-07
79.880801 1.5449567e-07
79.927699 1.545994e-07
79.974597 1.5470175e-07
80.021495 1.5480271e-07
80.068393 1.5490227e-07
80.115291 1.5500045e-07
80.162189 1.5509722e-07
80.209086 1.551926e-07
80.255984 1.5528658e-07
80.302882 1.5537915e-07
80.34978 1.5547031e-07
80.396678 1.5556007e-07
80.443576 1.5564841e-07
80.490474 1.5573533e-07
80.537372 1.5582084e-07
80.58427 1.5590492e-07
80.631168 1.5598758e-07
80.678065 1.5606881e-07
80.724963 1.5614861e-07
80.771861 1.5622698e-07
80.818759 1.5630392e-07
80.865657 1.5637941e-07
80.912555 1.5645347e-07
80.959453 1.5652608e-07
81.006351 1.5659725e-07
81.053249 1.5666696e-07
81.100147 1.5673522e-07
81.147044 1.5680203e-07
81.193942 1.5686738e-07
81.24084 1.5693127e-07
81.287738 1.569937e-07
81.334636 1.5705466e-07
81.381534 1.5711415e-07
81.428432 1.5717217e-07
81.47533 1.5722871e-07
81.522228 1.5728378e-07
81.569126 1.5733737e-07
81.616023 1.5738947e-07
81.662921 1.5744009e-07
81.709819 1.5748922e-07
81.756717 1.5753686e-07
81.803615 1.57583e-07
81.850513 1.5762765e-07
81.897411 1.576708e-07
81.944309 1.5771245e-07
81.991207 1.5775259e-07
82.038105 1.5779122e-07
82.085002 1.5782834e-07
82.1319 1.5786395e-07
82.178798 1.5789804e-07
82.225696 1.5793061e-07
82.272594 1.5796166e-07
82.319492 1.5799119e-07
82.36639 1.5801919e-07
82.413288 1.5804566e-07
82.460186 1.5807059e-07
82.507084 1.5809399e-07
82.553981 1.5811585e-07
82.600879 1.5813617e-07
82.647777 1.5815494e-07
82.694675 1.5817217e-07
82.741573 1.5818785e-07
82.788471 1.5820197e-07
82.835369 1.5821454e-07
82.882267 1.5822555e-07
82.929165 1.58235e-07
82.976063 1.5824289e-07
83.02296 1.5824921e-07
83.069858 1.5825396e-07
83.116756 1.5825714e-07
83.163654 1.5825874e-07
83.210552 1.5825877e-07
83.25745 1.5825721e-07
83.304348 1.5825408e-07
83.351246 1.5824935e-07
83.398144 1.5824304e-07
83.445042 1.5823513e-07
83.491939 1.5822563e-07
83.538837 1.5821454e-07
83.585735 1.5820184e-07
83.632633 1.5818754e-07
83.679531 1.5817163e-07
83.726429 1.5815412e-07
83.773327 1.5813499e-07
83.820225 1.5811426e-07
83.867123 1.580919e-07
83.914021 1.5806792e-07
83.960918 1.5804233e-07
84.007816 1.580151e-07
84.054714 1.5798625e-07
84.101612 1.5795577e-07
84.14851 1.5792365e-07
84.195408 1.578899e-07
84.242306 1.5785451e-07
84.289204 1.5781748e-07
84.336102 1.577788e-07
84.383 1.5773848e-07
84.429897 1.576965e-07
84.476795 1.5765287e-07
84.523693 1.5760759e-07
84.570591 1.5756064e-07
84.617489 1.5751204e-07
84.664387 1.5746177e-07
84.711285 1.5740984e-07
84.758183 1.5735623e-07
84.805081 1.5730095e-07
84.851979 1.57244e-07
84.898876 1.5718537e-07
84.945774 1.5712505e-07
84.992672 1.5706306e-07
85.03957 1.5699937e-07
85.086468 1.56934e-07
85.133366 1.5686694e-07
85.180264 1.5679818e-07
85.227162 1.5672772e-07
85.27406 1.5665556e-07
85.320957 1.565817e-07
85.367855 1.5650613e-07
85.414753 1.5642886e-07
85.461651 1.5634987e-07
85.508549 1.5626917e-07
85.555447 1.5618675e-07
85.602345 1.5610261e-07
85.649243 1.5601675e-07
85.696141 1.5592916e-07
85.743039 1.5583984e-07
85.789936 1.557488e-07
85.836834 1.5565601e-07
85.883732 1.555615e-07
85.93063 1.5546524e-07
85.977528 1.5536724e-07
86.024426 1.5526749e-07
86.071324 1.55166e-07
86.118222 1.5506276e-07
86.16512 1.5495776e-07
86.212018 1.5485101e-07
86.258915 1.5474249e-07
86.305813 1.5463222e-07
86.352711 1.5452018e-07
86.399609 1.5440637e-07
86.446507 1.5429079e-07
86.493405 1.5417344e-07
86.540303 1.5405432e-07
86.587201 1.5393341e-07
86.634099 1.5381073e-07
86.680997 1.5368626e-07
86.727894 1.5356e-07
86.774792 1.5343195e-07
86.82169 1.5330211e-07
86.868588 1.5317048e-07
86.915486 1.5303705e-07
86.962384 1.5290181e-07
87.009282 1.5276477e-07
87.05618 1.5262593e-07
87.103078 1.5248528e-07
87.149976 1.5234281e-07
87.196873 1.5219853e-07
87.243771 1.5205243e-07
87.290669 1.5190451e-07
87.337567 1.5175477e-07
87.384465 1.516032e-07
87.431363 1.5144981e-07
87.478261 1.5129458e-07
87.525159 1.5113752e-07
87.572057 1.5097862e-07
87.618955 1.5081787e-07
87.665852 1.5065529e-07
87.71275 1.5049086e-07
87.759648 1.5032459e-07
87.806546 1.5015646e-07
87.853444 1.4998648e-07
87.900342 1.4981464e-07
87.94724 1.4964094e-07
87.994138 1.4946538e-07
88.041036 1.4928795e-07
88.087934 1.4910866e-07
88.134831 1.489275e-07
88.181729 1.4874446e-07
88.228627 1.4855955e-07
88.275525 1.4837275e-07
88.322423 1.4818408e-07
88.369321 1.4799352e-07
88.416219 1.4780107e-07
88.463117 1.4760673e-07
88.510015 1.474105e-07
88.556913 1.4721238e-07
88.60381 1.4701235e-07
88.650708 1.4681043e-07
88.697606 1.466066e-07
88.744504 1.4640086e-07
88.791402 1.4619321e-07
88.8383 1.4598366e-07
88.885198 1.4577218e-07
88.932096 1.4555879e-07
88.978994 1.4534348e-07
89.025892 1.4512624e-07
89.072789 1.4490707e-07
89.119687 1.4468598e-07
89.166585 1.4446296e-07
89.213483 1.44238e-07
89.260381 1.440111e-07
89.307279 1.4378226e-07
89.354177 1.4355148e-07
89.401075 1.4331875e-07
89.447973 1.4308408e-07
89.494871 1.4284745e-07
89.541768 1.4260887e-07
89.588666 1.4236833e-07
89.635564 1.4212583e-07
89.682462 1.4188137e-07
89.72936 1.4163494e-07
89.776258 1.4138655e-07
89.823156 1.4113618e-07
89.870054 1.4088384e-07
89.916952 1.4062952e-07
89.96385 1.4037322e-07
90.010747 1.4011495e-07
90.057645 1.3985468e-07
90.104543 1.3959243e-07
90.151441 1.3932819e-07
90.198339 1.3906195e-07
90.245237 1.3879372e-07
90.292135 1.3852349e-07
90.339033 1.3825125e-07
90.385931 1.3797702e-07
90.432829 1.3770077e-07
90.479726 1.3742252e-07
90.526624 1.3714225e-07
90.573522 1.3685996e-07
90.62042 1.3657566e-07
90.667318 1.3628934e-07
90.714216 1.3600099e-07
90.761114 1.3571061e-07
90.808012 1.3541821e-07
90.85491 1.3512377e-07
90.901808 1.348273e-07
90.948705 1.3452879e-07
90.995603 1.3422824e-07
91.042501 1.3392564e-07
91.089399 1.33621e-07
91.136297 1.3331431e-07
91.183195 1.3300557e-07
91.230093 1.3269477e-07
91.276991 1.3238192e-07
91.323889 1.32067e-07
91.370787 1.3175002e-07
91.417684 1.3143098e-07
91.464582 1.3110987e-07
91.51148 1.3078668e-07
91.558378 1.3046142e-07
91.605276 1.3013409e-07
91.652174 1.2980467e-07
91.699072 1.2947317e-07
91.74597 1.2913959e-07
91.792868 1.2880392e-07
91.839766 1.2846615e-07
91.886663 1.2812629e-07
91.933561 1.2778434e-07
91.980459 1.2744029e-07
92.027357 1.2709413e-07
92.074255 1.2674587e-07
92.121153 1.263955e-07
92.168051 1.2604302e-07
92.214949 1.2568843e-07
92.261847 1.2533172e-07
92.308745 1.2497289e-07
92.355642 1.2461194e-07
92.40254 1.2424887e-07
92.449438 1.2388367e-07
92.496336 1.2351634e-07
92.543234 1.2314687e-07
92.590132 1.2277527e-07
92.63703 1.2240153e-07
92.683928 1.2202565e-07
92.730826 1.2164763e-07
92.777723 1.2126746e-07
92.824621 1.2088514e-07
92.871519 1.2050066e-07
92.918417 1.2011403e-07
92.965315 1.1972525e-07
93.012213 1.193343e-07
93.059111 1.1894119e-07
93.106009 1.1854591e-07
93.152907 1.1814847e-07
93.199805 1.1774885e-07
93.246702 1.1734706e-07
93.2936 1.1694308e-07
93.340498 1.1653693e-07
93.387396 1.161286e-07
93.434294 1.1571808e-07
93.481192 1.1530537e-07
93.52809 1.1489047e-07
93.574988 1.1447338e-07
93.621886 1.1405408e-07
93.668784 1.1363259e-07
93.715681 1.132089e-07
93.762579 1.12783e-07
93.809477 1.1235489e-07
93.856375 1.1192457e-07
93.903273 1.1149204e-07
93.950171 1.1105729e-07
93.997069 1.1062032e-07
94.043967 1.1018113e-07
94.090865 1.0973972e-07
94.137763 1.0929607e-07
94.18466 1.088502e-07
94.231558 1.0840209e-07
94.278456 1.0795175e-07
94.325354 1.0749916e-07
94.372252 1.0704434e-07
94.41915 1.0658727e-07
94.466048 1.0612795e-07
94.512946 1.0566639e-07
94.559844 1.0520257e-07
94.606742 1.0473649e-07
94.653639 1.0426816e-07
94.700537 1.0379757e-07
94.747435 1.0332471e-07
94.794333 1.0284958e-07
94.841231 1.0237219e-07
94.888129 1.0189252e-07
94.935027 1.0141058e-07
94.981925 1.0092636e-07
95.028823 1.0043986e-07
95.075721 9.9951071e-08
95.122618 9.9459999e-08
95.169516 9.8966639e-08
95.216414 9.8470987e-08
95.263312 9.797304e-08
95.31021 9.7472795e-08
95.357108 9.697025e-08
95.404006 9.6465402e-08
95.450904 9.5958248e-08
95.497802 9.5448786e-08
95.5447 9.4937012e-08
95.591597 9.4422924e-08
95.638495 9.3906518e-08
95.685393 9.3387793e-08
95.732291 9.2866746e-08
95.779189 9.2343372e-08
95.826087 9.1817671e-08
95.872985 9.1289639e-08
95.919883 9.0759273e-08
95.966781 9.022657e-08
96.013679 8.9691528e-08
96.060576 8.9154144e-08
96.107474 8.8614415e-08
96.154372 8.8072338e-08
96.20127 8.752791e-08
96.248168 8.698113e-08
96.295066 8.6431993e-08
96.341964 8.5880497e-08
96.388862 8.532664e-08
96.43576 8.4770418e-08
96.482658 8.4211829e-08
96.529555 8.365087e-08
96.576453 8.3087538e-08
96.623351 8.252183e-08
96.670249 8.1953744e-08
96.717147 8.1383277e-08
96.764045 8.0810426e-08
96.810943 8.0235188e-08
96.857841 7.965756e-08
96.904739 7.907754e-08
96.951637 7.8495125e-08
96.998534 7.7910312e-08
97.045432 7.7323099e-08
97.09233 7.6733481e-08
97.139228 7.6141458e-08
97.186126 7.5547025e-08
97.233024 7.495018e-08
97.279922 7.4350921e-08
97.32682 7.3749244e-08
97.373718 7.3145147e-08
97.420616 7.2538627e-08
97.467513 7.1929681e-08
97.514411 7.1318307e-08
97.561309 7.0704501e-08
97.608207 7.0088261e-08
97.655105 6.9469584e-08
97.702003 6.8848467e-08
97.748901 6.8224907e-08
97.795799 6.7598902e-08
97.842697 6.6970449e-08
97.889595 6.6339545e-08
97.936492 6.5706187e-08
97.98339 6.5070373e-08
98.030288 6.4432099e-08
98.077186 6.3791364e-08
98.124084 6.3148163e-08
98.170982 6.2502495e-08
98.21788 6.1854356e-08
98.264778 6.1203744e-08
98.311676 6.0550656e-08
98.358574 5.9895089e-08
98.405471 5.923704e-08
98.452369 5.8576507e-08
98.499267 5.7913487e-08
98.546165 5.7247977e-08
98.593063 5.6579974e-08
98.639961 5.5909475e-08
98.686859 5.5236478e-08
98.733757 5.456098e-08
98.780655 5.3882978e-08
98.827553 5.3202469e-08
98.87445 5.2519451e-08
98.921348 5.183392e-08
98.968246 5.1145874e-08
99.015144 5.0455311e-08
99.062042 4.9762226e-08
99.10894 4.9066618e-08
99.155838 4.8368484e-08
99.202736 4.7667821e-08
99.249634 4.6964626e-08
99.296532 4.6258896e-08
99.343429 4.5550629e-08
99.390327 4.4839822e-08
99.437225 4.4126471e-08
99.484123 4.3410575e-08
99.531021 4.269213e-08
99.577919 4.1971134e-08
99.624817 4.1247584e-08
99.671715 4.0521476e-08
99.718613 3.9792809e-08
99.765511 3.906158e-08
99.812408 3.8327785e-08
99.859306 3.7591422e-08
99.906204 3.6852488e-08
99.953102 3.611098e-08
100 3.5366896e-08

