4.2054014 0.0077957203
4.2298575 0.0076004882
4.2543136 0.0074052562
4.2787697 0.0072100242
4.3032258 0.0070147922
4.3276819 0.0068195602
4.352138 0.0066243282
4.3765941 0.0064290962
4.4010503 0.0062353734
4.4255064 0.006075286
4.4499625 0.0059151986
4.4744186 0.0057551111
4.4988747 0.0055950237
4.5233308 0.0054349362
4.5477869 0.0052748488
4.5722431 0.0051147613
4.5966992 0.0049546739
4.6211553 0.0048204059
4.6456114 0.0046901665
4.6700675 0.004559927
4.6945236 0.0044296876
4.7189797 0.0042994482
4.7434359 0.0041692087
4.767892 0.0040389693
4.7923481 0.0039087299
4.8168042 0.0037958048
4.8412603 0.003690764
4.8657164 0.0035857231
4.8901725 0.0034806823
4.9146287 0.0033756415
4.9390848 0.0032706006
4.9635409 0.0031655598
4.987997 0.0030605189
5.0124531 0.002966197
5.0369092 0.0028822064
5.0613653 0.0027982158
5.0858215 0.0027142253
5.1102776 0.0026302347
5.1347337 0.0025462442
5.1591898 0.0024622536
5.1836459 0.0023782631
5.208102 0.0023000355
5.2325581 0.0022334408
5.2570143 0.002166846
5.2814704 0.0021002512
5.3059265 0.0020336565
5.3303826 0.0019670617
5.3548387 0.0019004669
5.3792948 0.0018338722
5.4037509 0.0017694535
5.4282071 0.0017170469
5.4526632 0.0016646403
5.4771193 0.0016122337
5.5015754 0.0015598271
5.5260315 0.0015074205
5.5504876 0.0014550139
5.5749437 0.0014026073
5.5993998 0.0013502007
5.623856 0.0013089771
5.6483121 0.0012680348
5.6727682 0.0012270925
5.6972243 0.0011861503
5.7216804 0.001145208
5.7461365 0.0011042657
5.7705926 0.0010633234
5.7950488 0.0010223811
5.8195049 0.00098879257
5.843961 0.00095707076
5.8684171 0.00092534894
5.8928732 0.00089362713
5.9173293 0.00086190531
5.9417854 0.0008301835
5.9662416 0.00079846168
5.9906977 0.00076673987
6.0151538 0.00073955343
6.0396099 0.00071515109
6.064066 0.00069074875
6.0885221 0.00066634642
6.1129782 0.00064194408
6.1374344 0.00061754174
6.1618905 0.0005931394
6.1863466 0.00056873706
6.2108027 0.00054687416
6.2352588 0.00052822085
6.2597149 0.00050956754
6.284171 0.00049091422
6.3086272 0.00047226091
6.3330833 0.00045360759
6.3575394 0.00043495428
6.3819955 0.00041630097
6.4064516 0.00039883896
6.4309077 0.00038470155
6.4553638 0.00037056413
6.47982 0.00035642672
6.5042761 0.00034228931
6.5287322 0.00032815189
6.5531883 0.00031401448
6.5776444 0.00029987707
6.6021005 0.00028603933
6.6265566 0.00027539105
6.6510128 0.00026474276
6.6754689 0.00025409448
6.699925 0.00024344619
6.7243811 0.00023279791
6.7488372 0.00022214962
6.7732933 0.00021150133
6.7977494 0.00020085305
6.8222056 0.0001926738
6.8466617 0.00018474478
6.8711178 0.00017681577
6.8955739 0.00016888676
6.92003 0.00016095775
6.9444861 0.00015302873
6.9689422 0.00014509972
6.9933983 0.00013717071
7.0178545 0.00013075557
7.0423106 0.00012490019
7.0667667 0.00011904481
7.0912228 0.00011318943
7.1156789 0.00010733404
7.140135 0.00010147866
7.1645911 9.562328e-05
7.1890473 8.9767898e-05
7.2135034 8.4793824e-05
7.2379595 8.0534587e-05
7.2624156 7.627535e-05
7.2868717 7.2016114e-05
7.3113278 6.7756877e-05
7.3357839 6.349764e-05
7.3602401 5.9238403e-05
7.3846962 5.4979167e-05
7.4091523 5.1171066e-05
7.4336084 4.8117324e-05
7.4580645 4.5063581e-05
7.4825206 4.2009839e-05
7.5069767 3.8956096e-05
7.5314329 3.5902354e-05
7.555889 3.2848612e-05
7.5803451 2.9794869e-05
7.6048012 2.6919204e-05
7.6292573 2.4772543e-05
7.6537134 2.2625882e-05
7.6781695 2.0479221e-05
7.7026257 1.833256e-05
7.7270818 1.6185898e-05
7.7515379 1.4039237e-05
7.775994 1.1892576e-05
7.8004501 9.7579109e-06
7.8249062 8.2630323e-06
7.8493623 6.7681537e-06
7.8738185 5.2732751e-06
7.8982746 3.7783965e-06
7.9227307 2.2835178e-06
7.9471868 7.8863921e-07
7.9716429 -7.062394e-07
7.996099 -2.201118e-06
8.0205551 -3.2718934e-06
8.0450113 -4.2621819e-06
8.0694674 -5.2524705e-06
8.0939235 -6.2427591e-06
8.1183796 -7.2330476e-06
8.1428357 -8.2233362e-06
8.1672918 -9.2136248e-06
8.1917479 -1.0203913e-05
8.2162041 -1.0961916e-05
8.2406602 -1.1601624e-05
8.2651163 -1.2241333e-05
8.2895724 -1.2881042e-05
8.3140285 -1.352075e-05
8.3384846 -1.4160459e-05
8.3629407 -1.4800168e-05
8.3873968 -1.5439876e-05
8.411853 -1.594711e-05
8.4363091 -1.6313484e-05
8.4607652 -1.6679858e-05
8.4852213 -1.7046232e-05
8.5096774 -1.7412606e-05
8.5341335 -1.777898e-05
8.5585896 -1.8145354e-05
8.5830458 -1.8511728e-05
8.6075019 -1.8825046e-05
8.631958 -1.9018459e-05
8.6564141 -1.9211872e-05
8.6808702 -1.9405285e-05
8.7053263 -1.9598698e-05
8.7297824 -1.979211e-05
8.7542386 -1.9985523e-05
8.7786947 -2.0178936e-05
8.8031508 -2.035428e-05
8.8276069 -2.0407445e-05
8.852063 -2.046061e-05
8.8765191 -2.0513775e-05
8.9009752 -2.056694e-05
8.9254314 -2.0620105e-05
8.9498875 -2.067327e-05
8.9743436 -2.0726435e-05
8.9987997 -2.0779599e-05
9.0232558 -2.0759373e-05
9.0477119 -2.0735359e-05
9.072168 -2.0711345e-05
9.0966242 -2.0687331e-05
9.1210803 -2.0663317e-05
9.1455364 -2.0639303e-05
9.1699925 -2.0615288e-05
9.1944486 -2.0591274e-05
9.2189047 -2.0509526e-05
9.2433608 -2.0410825e-05
9.267817 -2.0312124e-05
9.2922731 -2.0213422e-05
9.3167292 -2.0114721e-05
9.3411853 -2.0016019e-05
9.3656414 -1.9917318e-05
9.3900975 -1.9818617e-05
9.4145536 -1.9707949e-05
9.4390098 -1.958914e-05
9.4634659 -1.947033e-05
9.487922 -1.9351521e-05
9.5123781 -1.9232711e-05
9.5368342 -1.9113902e-05
9.5612903 -1.8995093e-05
9.5857464 -1.8876283e-05
9.6102026 -1.874628e-05
9.6346587 -1.8600637e-05
9.6591148 -1.8454995e-05
9.6835709 -1.8309353e-05
9.708027 -1.8163711e-05
9.7324831 -1.8018069e-05
9.7569392 -1.7872427e-05
9.7813953 -1.7726784e-05
9.8058515 -1.7579899e-05
9.8303076 -1.7429062e-05
9.8547637 -1.7278225e-05
9.8792198 -1.7127388e-05
9.9036759 -1.6976551e-05
9.928132 -1.6825714e-05
9.9525881 -1.6674877e-05
9.9770443 -1.652404e-05
10.0015 -1.6373033e-05
10.025956 -1.6219424e-05
10.050413 -1.6065815e-05
10.074869 -1.5912206e-05
10.099325 -1.5758597e-05
10.123781 -1.5604987e-05
10.148237 -1.5451378e-05
10.172693 -1.5297769e-05
10.197149 -1.514416e-05
10.221605 -1.4992886e-05
10.246062 -1.4841921e-05
10.270518 -1.4690955e-05
10.294974 -1.4539989e-05
10.31943 -1.4389023e-05
10.343886 -1.4238058e-05
10.368342 -1.4087092e-05
10.392798 -1.3936126e-05
10.417254 -1.3789441e-05
10.44171 -1.3644542e-05
10.466167 -1.3499644e-05
10.490623 -1.3354745e-05
10.515079 -1.3209847e-05
10.539535 -1.3064948e-05
10.563991 -1.292005e-05
10.588447 -1.2775151e-05
10.612903 -1.2634515e-05
10.637359 -1.2497696e-05
10.661815 -1.2360877e-05
10.686272 -1.2224058e-05
10.710728 -1.2087239e-05
10.735184 -1.195042e-05
10.75964 -1.1813601e-05
10.784096 -1.1676782e-05
10.808552 -1.1543126e-05
10.833008 -1.1415352e-05
10.857464 -1.1287579e-05
10.88192 -1.1159805e-05
10.906377 -1.1032031e-05
10.930833 -1.0904258e-05
10.955289 -1.0776484e-05
10.979745 -1.0648711e-05
11.004201 -1.0522552e-05
11.028657 -1.0404182e-05
11.053113 -1.0285812e-05
11.077569 -1.0167442e-05
11.102026 -1.0049072e-05
11.126482 -9.9307021e-06
11.150938 -9.812332e-06
11.175394 -9.693962e-06
11.19985 -9.575592e-06
11.224306 -9.4664608e-06
11.248762 -9.3573866e-06
11.273218 -9.2483124e-06
11.297674 -9.1392382e-06
11.322131 -9.0301641e-06
11.346587 -8.9210899e-06
11.371043 -8.8120157e-06
11.395499 -8.7029416e-06
11.419955 -8.6087443e-06
11.444411 -8.5179027e-06
11.468867 -8.4270611e-06
11.493323 -8.3362195e-06
11.517779 -8.2453779e-06
11.542236 -8.1545363e-06
11.566692 -8.0636947e-06
11.591148 -7.9728531e-06
11.615604 -7.882932e-06
11.64006 -7.7935332e-06
11.664516 -7.7041344e-06
11.688972 -7.6147356e-06
11.713428 -7.5253368e-06
11.737884 -7.435938e-06
11.762341 -7.3465392e-06
11.786797 -7.2571404e-06
11.811253 -7.1715576e-06
11.835709 -7.0904521e-06
11.860165 -7.0093467e-06
11.884621 -6.9282412e-06
11.909077 -6.8471358e-06
11.933533 -6.7660303e-06
11.957989 -6.6849249e-06
11.982446 -6.6038195e-06
12.006902 -6.5248859e-06
12.031358 -6.4514764e-06
12.055814 -6.3780668e-06
12.08027 -6.3046573e-06
12.104726 -6.2312478e-06
12.129182 -6.1578383e-06
12.153638 -6.0844287e-06
12.178095 -6.0110192e-06
12.202551 -5.9383487e-06
12.227007 -5.8720247e-06
12.251463 -5.8057008e-06
12.275919 -5.7393769e-06
12.300375 -5.6730529e-06
12.324831 -5.606729e-06
12.349287 -5.540405e-06
12.373743 -5.4740811e-06
12.3982 -5.4077572e-06
12.422656 -5.347472e-06
12.447112 -5.2876667e-06
12.471568 -5.2278614e-06
12.496024 -5.1680562e-06
12.52048 -5.1082509e-06
12.544936 -5.0484456e-06
12.569392 -4.9886404e-06
12.593848 -4.9288351e-06
12.618305 -4.873439e-06
12.642761 -4.8195248e-06
12.667217 -4.7656105e-06
12.691673 -4.7116963e-06
12.716129 -4.657782e-06
12.740585 -4.6038677e-06
12.765041 -4.5499535e-06
12.789497 -4.4960392e-06
12.813953 -4.4451964e-06
12.83841 -4.3966653e-06
12.862866 -4.3481342e-06
12.887322 -4.2996032e-06
12.911778 -4.2510721e-06
12.936234 -4.2025411e-06
12.96069 -4.15401e-06
12.985146 -4.105479e-06
13.009602 -4.0588515e-06
13.034059 -4.0151688e-06
13.058515 -3.9714861e-06
13.082971 -3.9278034e-06
13.107427 -3.8841206e-06
13.131883 -3.8404379e-06
13.156339 -3.7967552e-06
13.180795 -3.7530725e-06
13.205251 -3.7103321e-06
13.229707 -3.6710381e-06
13.254164 -3.631744e-06
13.27862 -3.59245e-06
13.303076 -3.553156e-06
13.327532 -3.513862e-06
13.351988 -3.474568e-06
13.376444 -3.4352739e-06
13.4009 -3.3961269e-06
13.425356 -3.3608258e-06
13.449812 -3.3255246e-06
13.474269 -3.2902235e-06
13.498725 -3.2549223e-06
13.523181 -3.2196212e-06
13.547637 -3.18432e-06
13.572093 -3.1490189e-06
13.596549 -3.1137177e-06
13.621005 -3.0815149e-06
13.645461 -3.0498212e-06
13.669917 -3.0181275e-06
13.694374 -2.9864337e-06
13.71883 -2.95474e-06
13.743286 -2.9230462e-06
13.767742 -2.8913525e-06
13.792198 -2.8596587e-06
13.816654 -2.8301988e-06
13.84111 -2.8017854e-06
13.865566 -2.773372e-06
13.890023 -2.7449586e-06
13.914479 -2.7165452e-06
13.938935 -2.6881318e-06
13.963391 -2.6597183e-06
13.987847 -2.6313049e-06
14.012303 -2.6044051e-06
14.036759 -2.5790005e-06
14.061215 -2.5535958e-06
14.085671 -2.5281912e-06
14.110128 -2.5027865e-06
14.134584 -2.4773819e-06
14.15904 -2.4519772e-06
14.183496 -2.4265726e-06
14.207952 -2.4020612e-06
14.232408 -2.3794038e-06
14.256864 -2.3567464e-06
14.28132 -2.334089e-06
14.305776 -2.3114315e-06
14.330233 -2.2887741e-06
14.354689 -2.2661167e-06
14.379145 -2.2434593e-06
14.403601 -2.2211801e-06
14.428057 -2.2010919e-06
14.452513 -2.1810036e-06
14.476969 -2.1609153e-06
14.501425 -2.140827e-06
14.525881 -2.1207387e-06
14.550338 -2.1006505e-06
14.574794 -2.0805622e-06
14.59925 -2.0604739e-06
14.623706 -2.0426849e-06
14.648162 -2.0249687e-06
14.672618 -2.0072525e-06
14.697074 -1.9895363e-06
14.72153 -1.9718201e-06
14.745986 -1.9541039e-06
14.770443 -1.9363877e-06
14.794899 -1.9186715e-06
14.819355 -1.8948941e-06
14.843811 -1.8695192e-06
14.868267 -1.8441443e-06
14.892723 -1.8187694e-06
14.917179 -1.7933946e-06
14.941635 -1.7680197e-06
14.966092 -1.7426448e-06
14.990548 -1.7172699e-06
15.015004 -1.6979273e-06
15.03946 -1.6823851e-06
15.063916 -1.666843e-06
15.088372 -1.6513008e-06
15.112828 -1.6357586e-06
15.137284 -1.6202164e-06
15.16174 -1.6046743e-06
15.186197 -1.5891321e-06
15.210653 -1.5742798e-06
15.235109 -1.5603216e-06
15.259565 -1.5463634e-06
15.284021 -1.5324051e-06
15.308477 -1.5184469e-06
15.332933 -1.5044886e-06
15.357389 -1.4905304e-06
15.381845 -1.4765722e-06
15.406302 -1.4629908e-06
15.430758 -1.4504951e-06
15.455214 -1.4379995e-06
15.47967 -1.4255038e-06
15.504126 -1.4130082e-06
15.528582 -1.4005125e-06
15.553038 -1.3880169e-06
15.577494 -1.3755212e-06
15.60195 -1.3631373e-06
15.626407 -1.3520427e-06
15.650863 -1.340948e-06
15.675319 -1.3298533e-06
15.699775 -1.3187587e-06
15.724231 -1.307664e-06
15.748687 -1.2965694e-06
15.773143 -1.2854747e-06
15.797599 -1.27438e-06
15.822056 -1.2644322e-06
15.846512 -1.2546091e-06
15.870968 -1.2447861e-06
15.895424 -1.234963e-06
15.91988 -1.22514e-06
15.944336 -1.2153169e-06
15.968792 -1.2054939e-06
15.993248 -1.1956708e-06
16.017704 -1.179868e-06
16.042161 -1.1617846e-06
16.066617 -1.1437013e-06
16.091073 -1.125618e-06
16.115529 -1.1075347e-06
16.139985 -1.0894514e-06
16.164441 -1.071368e-06
16.188897 -1.0532847e-06
16.213353 -1.0399741e-06
16.237809 -1.0306317e-06
16.262266 -1.0212893e-06
16.286722 -1.0119469e-06
16.311178 -1.0026045e-06
16.335634 -9.9326216e-07
16.36009 -9.8391978e-07
16.384546 -9.745774e-07
16.409002 -9.6552826e-07
16.433458 -9.5698253e-07
16.457914 -9.484368e-07
16.482371 -9.3989107e-07
16.506827 -9.3134534e-07
16.531283 -9.2279961e-07
16.555739 -9.1425388e-07
16.580195 -9.0570814e-07
16.604651 -8.9729436e-07
16.629107 -8.8944244e-07
16.653563 -8.8159051e-07
16.67802 -8.7373859e-07
16.702476 -8.6588666e-07
16.726932 -8.5803474e-07
16.751388 -8.5018281e-07
16.775844 -8.4233089e-07
16.8003 -8.3448741e-07
16.824756 -8.2732409e-07
16.849212 -8.2016077e-07
16.873668 -8.1299745e-07
16.898125 -8.0583413e-07
16.922581 -7.9867081e-07
16.947037 -7.915075e-07
16.971493 -7.8434418e-07
16.995949 -7.7718086e-07
17.020405 -7.70477e-07
17.044861 -7.6386435e-07
17.069317 -7.5725171e-07
17.093773 -7.5063906e-07
17.11823 -7.4402641e-07
17.142686 -7.3741377e-07
17.167142 -7.3080112e-07
17.191598 -7.2418848e-07
17.216054 -7.1793622e-07
17.24051 -7.1187258e-07
17.264966 -7.0580894e-07
17.289422 -6.997453e-07
17.313878 -6.9368166e-07
17.338335 -6.8761802e-07
17.362791 -6.8155438e-07
17.387247 -6.7549074e-07
17.411703 -6.6965976e-07
17.436159 -6.6408232e-07
17.460615 -6.5850488e-07
17.485071 -6.5292744e-07
17.509527 -6.4735e-07
17.533983 -6.4177255e-07
17.55844 -6.3619511e-07
17.582896 -6.3061767e-07
17.607352 -6.2516814e-07
17.631808 -6.200162e-07
17.656264 -6.1486426e-07
17.68072 -6.0971232e-07
17.705176 -6.0456038e-07
17.729632 -5.9940845e-07
17.754089 -5.9425651e-07
17.778545 -5.8910457e-07
17.803001 -5.8400394e-07
17.827457 -5.7927019e-07
17.851913 -5.7453644e-07
17.876369 -5.698027e-07
17.900825 -5.6506895e-07
17.925281 -5.603352e-07
17.949737 -5.5560145e-07
17.974194 -5.508677e-07
17.99865 -5.4613395e-07
18.023106 -5.4173872e-07
18.047562 -5.3736328e-07
18.072018 -5.3298783e-07
18.096474 -5.2861239e-07
18.12093 -5.2423694e-07
18.145386 -5.1986149e-07
18.169842 -5.1548605e-07
18.194299 -5.111106e-07
18.218755 -5.0698332e-07
18.243211 -5.0293147e-07
18.267667 -4.9887963e-07
18.292123 -4.9482779e-07
18.316579 -4.9077595e-07
18.341035 -4.867241e-07
18.365491 -4.8267226e-07
18.389947 -4.7862042e-07
18.414404 -4.7475188e-07
18.43886 -4.7101127e-07
18.463316 -4.6727066e-07
18.487772 -4.6353004e-07
18.512228 -4.5978943e-07
18.536684 -4.5604882e-07
18.56114 -4.5230821e-07
18.585596 -4.485676e-07
18.610053 -4.4494433e-07
18.634509 -4.4148921e-07
18.658965 -4.3803408e-07
18.683421 -4.3457895e-07
18.707877 -4.3112383e-07
18.732333 -4.276687e-07
18.756789 -4.2421358e-07
18.781245 -4.2075845e-07
18.805701 -4.1735743e-07
18.830158 -4.1413437e-07
18.854614 -4.1091132e-07
18.87907 -4.0768827e-07
18.903526 -4.0446522e-07
18.927982 -4.0124217e-07
18.952438 -3.9801912e-07
18.976894 -3.9479606e-07
19.00135 -3.9158773e-07
19.025806 -3.8863114e-07
19.050263 -3.8567456e-07
19.074719 -3.8271797e-07
19.099175 -3.7976139e-07
19.123631 -3.7680481e-07
19.148087 -3.7384822e-07
19.172543 -3.7089164e-07
19.196999 -3.6793506e-07
19.221455 -3.6514356e-07
19.245911 -3.6237514e-07
19.270368 -3.5960673e-07
19.294824 -3.5683832e-07
19.31928 -3.5406991e-07
19.343736 -3.513015e-07
19.368192 -3.4853309e-07
19.392648 -3.4576468e-07
19.417104 -3.4314563e-07
19.44156 -3.4059078e-07
19.466017 -3.3803592e-07
19.490473 -3.3548107e-07
19.514929 -3.3292622e-07
19.539385 -3.3037137e-07
19.563841 -3.2781651e-07
19.588297 -3.2526166e-07
19.612753 -3.2278804e-07
19.637209 -3.2038897e-07
19.661665 -3.179899e-07
19.686122 -3.1559083e-07
19.710578 -3.1319176e-07
19.735034 -3.1079269e-07
19.75949 -3.0839362e-07
19.783946 -3.0599455e-07
19.808402 -3.0367067e-07
19.832858 -3.0149047e-07
19.857314 -2.9931027e-07
19.88177 -2.9713007e-07
19.906227 -2.9494986e-07
19.930683 -2.9276966e-07
19.955139 -2.9058946e-07
19.979595 -2.8840926e-07
20.004051 -2.8624426e-07
20.028507 -2.8415583e-07
20.052963 -2.8206741e-07
20.077419 -2.7997899e-07
20.101875 -2.7789056e-07
20.126332 -2.7580214e-07
20.150788 -2.7371372e-07
20.175244 -2.716253e-07
20.1997 -2.6953687e-07
20.224156 -2.6763481e-07
20.248612 -2.6573506e-07
20.273068 -2.6383531e-07
20.297524 -2.6193556e-07
20.32198 -2.6003581e-07
20.346437 -2.5813606e-07
20.370893 -2.5623631e-07
20.395349 -2.5433656e-07
20.419805 -2.5252183e-07
20.444261 -2.5072707e-07
20.468717 -2.489323e-07
20.493173 -2.4713754e-07
20.517629 -2.4534277e-07
20.542086 -2.4354801e-07
20.566542 -2.4175325e-07
20.590998 -2.3995848e-07
20.615454 -2.3825039e-07
20.63991 -2.3659278e-07
20.664366 -2.3493517e-07
20.688822 -2.3327756e-07
20.713278 -2.3161995e-07
20.737734 -2.2996234e-07
20.762191 -2.2830473e-07
20.786647 -2.2664712e-07
20.811103 -2.2502076e-07
20.835559 -2.2343199e-07
20.860015 -2.2184322e-07
20.884471 -2.2025445e-07
20.908927 -2.1866569e-07
20.933383 -2.1707692e-07
20.957839 -2.1548815e-07
20.982296 -2.1389938e-07
21.006752 -2.1235842e-07
21.031208 -2.1094284e-07
21.055664 -2.0952726e-07
21.08012 -2.0811168e-07
21.104576 -2.066961e-07
21.129032 -2.0528052e-07
21.153488 -2.0386494e-07
21.177944 -2.0244935e-07
21.202401 -2.0103629e-07
21.226857 -1.996464e-07
21.251313 -1.9825651e-07
21.275769 -1.9686662e-07
21.300225 -1.9547673e-07
21.324681 -1.9408684e-07
21.349137 -1.9269695e-07
21.373593 -1.9130706e-07
21.39805 -1.8991717e-07
21.422506 -1.8866109e-07
21.446962 -1.8741661e-07
21.471418 -1.8617213e-07
21.495874 -1.8492765e-07
21.52033 -1.8368317e-07
21.544786 -1.8243869e-07
21.569242 -1.8119421e-07
21.593698 -1.7994973e-07
21.618155 -1.7872785e-07
21.642611 -1.7751382e-07
21.667067 -1.7629978e-07
21.691523 -1.7508575e-07
21.715979 -1.7387171e-07
21.740435 -1.7265768e-07
21.764891 -1.7144364e-07
21.789347 -1.7022961e-07
21.813803 -1.6909131e-07
21.83826 -1.6801145e-07
21.862716 -1.669316e-07
21.887172 -1.6585174e-07
21.911628 -1.6477189e-07
21.936084 -1.6369203e-07
21.96054 -1.6261217e-07
21.984996 -1.6153232e-07
22.009452 -1.6045129e-07
22.033908 -1.5936841e-07
22.058365 -1.5828552e-07
22.082821 -1.5720263e-07
22.107277 -1.5611975e-07
22.131733 -1.5503686e-07
22.156189 -1.5395398e-07
22.180645 -1.5287109e-07
22.205101 -1.5182022e-07
22.229557 -1.508908e-07
22.254014 -1.4996139e-07
22.27847 -1.4903198e-07
22.302926 -1.4810257e-07
22.327382 -1.4717316e-07
22.351838 -1.4624375e-07
22.376294 -1.4531434e-07
22.40075 -1.443835e-07
22.425206 -1.4340754e-07
22.449662 -1.4243159e-07
22.474119 -1.4145563e-07
22.498575 -1.4047968e-07
22.523031 -1.3950372e-07
22.547487 -1.3852777e-07
22.571943 -1.3755182e-07
22.596399 -1.3657586e-07
22.620855 -1.3573249e-07
22.645311 -1.3491201e-07
22.669767 -1.3409154e-07
22.694224 -1.3327106e-07
22.71868 -1.3245058e-07
22.743136 -1.316301e-07
22.767592 -1.3080962e-07
22.792048 -1.2998915e-07
22.816504 -1.2914103e-07
22.84096 -1.282796e-07
22.865416 -1.2741817e-07
22.889872 -1.2655674e-07
22.914329 -1.256953e-07
22.938785 -1.2483387e-07
22.963241 -1.2397244e-07
22.987697 -1.2311101e-07
23.012153 -1.2233097e-07
23.036609 -1.2163332e-07
23.061065 -1.2093568e-07
23.085521 -1.2023804e-07
23.109977 -1.195404e-07
23.134434 -1.1884275e-07
23.15889 -1.1814511e-07
23.183346 -1.1744747e-07
23.207802 -1.1672241e-07
23.232258 -1.1593883e-07
23.256714 -1.1515524e-07
23.28117 -1.1437166e-07
23.305626 -1.1358808e-07
23.330083 -1.128045e-07
23.354539 -1.1202091e-07
23.378995 -1.1123733e-07
23.403451 -1.1047952e-07
23.427907 -1.0987855e-07
23.452363 -1.0927758e-07
23.476819 -1.0867661e-07
23.501275 -1.0807564e-07
23.525731 -1.0747466e-07
23.550188 -1.0687369e-07
23.574644 -1.0627272e-07
23.5991 -1.0567175e-07
23.623556 -1.0495352e-07
23.648012 -1.0423079e-07
23.672468 -1.0350807e-07
23.696924 -1.0278535e-07
23.72138 -1.0206263e-07
23.745836 -1.0133991e-07
23.770293 -1.0061719e-07
23.794749 -9.9894467e-08
23.819205 -9.9346587e-08
23.843661 -9.8846516e-08
23.868117 -9.8346444e-08
23.892573 -9.7846372e-08
23.917029 -9.7346301e-08
23.941485 -9.6846229e-08
23.965941 -9.6346158e-08
23.990398 -9.5846086e-08
24.014854 -9.5412946e-08
24.03931 -9.5023076e-08
24.063766 -9.4633206e-08
24.088222 -9.4243336e-08
24.112678 -9.3853466e-08
24.137134 -9.3463596e-08
24.16159 -9.3073726e-08
24.186047 -9.2683855e-08
24.210503 -9.2293985e-08
24.234959 -9.1904115e-08
24.259415 -9.1514245e-08
24.283871 -9.1124375e-08
24.308327 -9.0734505e-08
24.332783 -9.0344635e-08
24.357239 -8.9954764e-08
24.381695 -8.9564894e-08
24.406152 -8.9175024e-08
24.430608 -8.8785154e-08
24.455064 -8.8395284e-08
24.47952 -8.8005414e-08
24.503976 -8.7615543e-08
24.528432 -8.7225673e-08
24.552888 -8.6835803e-08
24.577344 -8.6445933e-08
24.6018 -8.6056063e-08
24.626257 -8.5666193e-08
24.650713 -8.5276323e-08
24.675169 -8.4886452e-08
24.699625 -8.4496582e-08
24.724081 -8.4106712e-08
24.748537 -8.3716842e-08
24.772993 -8.3326972e-08
24.797449 -8.2937102e-08
24.821905 -8.2547231e-08
24.846362 -8.2157361e-08
24.870818 -8.1767491e-08
24.895274 -8.1377621e-08
24.91973 -8.0987751e-08
24.944186 -8.0597881e-08
24.968642 -8.0208011e-08
24.993098 -7.981814e-08
25.017554 -7.942827e-08
25.042011 -7.90384e-08
25.066467 -7.864853e-08
25.090923 -7.825866e-08
25.115379 -7.786879e-08
25.139835 -7.7478919e-08
25.164291 -7.7089049e-08
25.188747 -7.6699179e-08
25.213203 -7.6309309e-08
25.237659 -7.5919439e-08
25.262116 -7.5529569e-08
25.286572 -7.5139699e-08
25.311028 -7.4749828e-08
25.335484 -7.4359958e-08
25.35994 -7.3970088e-08
25.384396 -7.3580218e-08
25.408852 -7.3190348e-08
25.433308 -7.2800478e-08
25.457764 -7.2410607e-08
25.482221 -7.2020737e-08
25.506677 -7.1630867e-08
25.531133 -7.1240997e-08
25.555589 -7.0851127e-08
25.580045 -7.0461257e-08
25.604501 -7.0071387e-08
25.628957 -6.9681516e-08
25.653413 -6.9291646e-08
25.677869 -6.8901776e-08
25.702326 -6.8511906e-08
25.726782 -6.8122036e-08
25.751238 -6.7732166e-08
25.775694 -6.7342295e-08
25.80015 -6.6952425e-08
25.824606 -6.6562555e-08
25.849062 -6.6172685e-08
25.873518 -6.5782815e-08
25.897974 -6.5392945e-08
25.922431 -6.5003075e-08
25.946887 -6.4613204e-08
25.971343 -6.4223334e-08
25.995799 -6.3833464e-08
26.020255 -6.3443594e-08
26.044711 -6.3053724e-08
26.069167 -6.2663854e-08
26.093623 -6.2273983e-08
26.11808 -6.1884113e-08
26.142536 -6.1494243e-08
26.166992 -6.1104373e-08
26.191448 -6.0714503e-08
26.215904 -6.0324633e-08
26.24036 -5.9934763e-08
26.264816 -5.9544892e-08
26.289272 -5.9155022e-08
26.313728 -5.8765152e-08
26.338185 -5.8375282e-08
26.362641 -5.7985412e-08
26.387097 -5.7595542e-08
26.411553 -5.7205671e-08
26.436009 -5.6815801e-08
26.460465 -5.6425931e-08
26.484921 -5.6036061e-08
26.509377 -5.5646191e-08
26.533833 -5.5256321e-08
26.55829 -5.4866451e-08
26.582746 -5.447658e-08
26.607202 -5.408671e-08
26.631658 -5.369684e-08
26.656114 -5.330697e-08
26.68057 -5.29171e-08
26.705026 -5.252723e-08
26.729482 -5.2137359e-08
26.753938 -5.1747489e-08
26.778395 -5.1357619e-08
26.802851 -5.0967749e-08
26.827307 -5.0577879e-08
26.851763 -5.0188009e-08
26.876219 -4.9798139e-08
26.900675 -4.9408268e-08
26.925131 -4.9018398e-08
26.949587 -4.8628528e-08
26.974044 -4.8238658e-08
26.9985 -4.7848788e-08
27.022956 -4.7458918e-08
27.047412 -4.7069048e-08
27.071868 -4.6679177e-08
27.096324 -4.6289307e-08
27.12078 -4.5899437e-08
27.145236 -4.5509567e-08
27.169692 -4.5119697e-08
27.194149 -4.4729827e-08
27.218605 -4.4339956e-08
27.243061 -4.3950086e-08
27.267517 -4.3560216e-08
27.291973 -4.3170346e-08
27.316429 -4.2780476e-08
27.340885 -4.2390606e-08
27.365341 -4.2000736e-08
27.389797 -4.1610865e-08
27.414254 -4.1220995e-08
27.43871 -4.0831125e-08
27.463166 -4.0441255e-08
27.487622 -4.0051385e-08
27.512078 -3.9661515e-08
27.536534 -3.9271644e-08
27.56099 -3.8881774e-08
27.585446 -3.8491904e-08
27.609902 -3.8102034e-08
27.634359 -3.7712164e-08
27.658815 -3.7322294e-08
27.683271 -3.6932424e-08
27.707727 -3.6542553e-08
27.732183 -3.6152683e-08
27.756639 -3.5762813e-08
27.781095 -3.5372943e-08
27.805551 -3.4983073e-08
27.830008 -3.4593203e-08
27.854464 -3.4203332e-08
27.87892 -3.3813462e-08
27.903376 -3.3423592e-08
27.927832 -3.3033722e-08
27.952288 -3.2643852e-08
27.976744 -3.2253982e-08
28.0012 -3.1864112e-08
28.025656 -3.1474241e-08
28.050113 -3.1084371e-08
28.074569 -3.0694501e-08
28.099025 -3.0304631e-08
28.123481 -2.9914761e-08
28.147937 -2.9524891e-08
28.172393 -2.913502e-08
28.196849 -2.874515e-08
28.221305 -2.835528e-08
28.245761 -2.796541e-08
28.270218 -2.757554e-08
28.294674 -2.718567e-08
28.31913 -2.67958e-08
28.343586 -2.6405929e-08
28.368042 -2.6016059e-08
28.392498 -2.5626189e-08
28.416954 -2.5236319e-08
28.44141 -2.4846449e-08
28.465866 -2.4456579e-08
28.490323 -2.4066708e-08
28.514779 -2.3676838e-08
28.539235 -2.3286968e-08
28.563691 -2.2897098e-08
28.588147 -2.2507228e-08
28.612603 -2.2117358e-08
28.637059 -2.1727488e-08
28.661515 -2.1337617e-08
28.685971 -2.0947747e-08
28.710428 -2.0557877e-08
28.734884 -2.0168007e-08
28.75934 -1.9778137e-08
28.783796 -1.9388267e-08
28.808252 -1.8998396e-08
28.832708 -1.8608526e-08
28.857164 -1.8218656e-08
28.88162 -1.7828786e-08
28.906077 -1.7438916e-08
28.930533 -1.7049046e-08
28.954989 -1.6659176e-08
28.979445 -1.6269305e-08
29.003901 -1.5879435e-08
29.028357 -1.5489565e-08
29.052813 -1.5099695e-08
29.077269 -1.4709825e-08
29.101725 -1.4319955e-08
29.126182 -1.3930084e-08
29.150638 -1.3540214e-08
29.175094 -1.3150344e-08
29.19955 -1.2760474e-08
29.224006 -1.2370604e-08
29.248462 -1.1980734e-08
29.272918 -1.1590864e-08
29.297374 -1.1200993e-08
29.32183 -1.0811123e-08
29.346287 -1.0421253e-08
29.370743 -1.0031383e-08
29.395199 -9.6415128e-09
29.419655 -9.2516427e-09
29.444111 -8.8617725e-09
29.468567 -8.4719023e-09
29.493023 -8.0820322e-09
29.517479 -7.692162e-09
29.541935 -7.3022919e-09
29.566392 -6.9124217e-09
29.590848 -6.5225516e-09
29.615304 -6.1326814e-09
29.63976 -5.7428113e-09
29.664216 -5.3529411e-09
29.688672 -4.963071e-09
29.713128 -4.5732008e-09
29.737584 -4.1833307e-09
29.762041 -3.7934605e-09
29.786497 -3.4035904e-09
29.810953 -3.0137202e-09
29.835409 -2.62385e-09
29.859865 -2.2339799e-09
29.884321 -1.8441097e-09
29.908777 -1.4542396e-09
29.933233 -1.0643694e-09
29.957689 -6.7449928e-10
29.982146 -2.8462913e-10
30.006602 0
30.031058 0
30.055514 0
30.07997 0
30.104426 0
30.128882 0
30.153338 0
30.177794 0
30.202251 0
30.226707 0
30.251163 0
30.275619 0
30.300075 0
30.324531 0
30.348987 0
30.373443 0
30.397899 0
30.422356 0
30.446812 0
30.471268 0
30.495724 0
30.52018 0
30.544636 0
30.569092 0
30.593548 0
30.618005 0
30.642461 0
30.666917 0
30.691373 0
30.715829 0
30.740285 0
30.764741 0
30.789197 0
30.813653 0
30.83811 0
30.862566 0
30.887022 0
30.911478 0
30.935934 0
30.96039 0
30.984846 0
31.009302 0
31.033758 0
31.058215 0
31.082671 0
31.107127 0
31.131583 0
31.156039 0
31.180495 0
31.204951 0
31.229407 0
31.253863 0
31.27832 0
31.302776 0
31.327232 0
31.351688 0
31.376144 0
31.4006 0
31.425056 0
31.449512 0
31.473968 0
31.498425 0
31.522881 0
31.547337 0
31.571793 0
31.596249 0
31.620705 0
31.645161 0
31.669617 0
31.694074 0
31.71853 0
31.742986 0
31.767442 0
31.791898 0
31.816354 0
31.84081 0
31.865266 0
31.889722 0
31.914179 0
31.938635 0
31.963091 0
31.987547 0
32.012003 0
32.036459 0
32.060915 0
32.085371 0
32.109827 0
32.134284 0
32.15874 0
32.183196 0
32.207652 0
32.232108 0
32.256564 0
32.28102 0
32.305476 0
32.329932 0
32.354389 0
32.378845 0
32.403301 0
32.427757 0
32.452213 0
32.476669 0
32.501125 0
32.525581 0
32.550038 0
32.574494 0
32.59895 0
32.623406 0
32.647862 0
32.672318 0
32.696774 0
32.72123 0
32.745686 0
32.770143 0
32.794599 0
32.819055 0
32.843511 0
32.867967 0
32.892423 0
32.916879 0
32.941335 0
32.965791 0
32.990248 0
33.014704 0
33.03916 0
33.063616 0
33.088072 0
33.112528 0
33.136984 0
33.16144 0
33.185896 0
33.210353 0
33.234809 0
33.259265 0
33.283721 0
33.308177 0
33.332633 0
33.357089 0
33.381545 0
33.406002 0
33.430458 0
33.454914 0
33.47937 0
33.503826 0
33.528282 0
33.552738 0
33.577194 0
33.60165 0
33.626107 0
33.650563 0
33.675019 0
33.699475 0
33.723931 0
33.748387 0
33.772843 0
33.797299 0
33.821755 0
33.846212 0
33.870668 0
33.895124 0
33.91958 0
33.944036 0
33.968492 0
33.992948 0
34.017404 0
34.04186 0
34.066317 0
34.090773 0
34.115229 0
34.139685 0
34.164141 0
34.188597 0
34.213053 0
34.237509 0
34.261965 0
34.286422 0
34.310878 0
34.335334 0
34.35979 0
34.384246 0
34.408702 0
34.433158 0
34.457614 0
34.482071 0
34.506527 0
34.530983 0
34.555439 0
34.579895 0
34.604351 0
34.628807 0
34.653263 0
34.677719 0
34.702176 0
34.726632 0
34.751088 0
34.775544 0
34.8 0
34.824456 0
34.848912 0
34.873368 0
34.897824 0
34.922281 0
34.946737 0
34.971193 0
34.995649 0
35.020105 0
35.044561 0
35.069017 0
35.093473 0
35.117929 0
35.142386 0
35.166842 0
35.191298 0
35.215754 0
35.24021 0
35.264666 0
35.289122 0
35.313578 0
35.338035 0
35.362491 0
35.386947 0
35.411403 0
35.435859 0
35.460315 0
35.484771 0
35.509227 0
35.533683 0
35.55814 0
35.582596 0
35.607052 0
35.631508 0
35.655964 0
35.68042 0
35.704876 0
35.729332 0
35.753788 0
35.778245 0
35.802701 0
35.827157 0
35.851613 0
35.876069 0
35.900525 0
35.924981 0
35.949437 0
35.973893 0
35.99835 0
36.022806 0
36.047262 0
36.071718 0
36.096174 0
36.12063 0
36.145086 0
36.169542 0
36.193998 0
36.218455 0
36.242911 0
36.267367 0
36.291823 0
36.316279 0
36.340735 0
36.365191 0
36.389647 0
36.414104 0
36.43856 0
36.463016 0
36.487472 0
36.511928 0
36.536384 0
36.56084 0
36.585296 0
36.609752 0
36.634209 0
36.658665 0
36.683121 0
36.707577 0
36.732033 0
36.756489 0
36.780945 0
36.805401 0
36.829857 0
36.854314 0
36.87877 0
36.903226 0
36.927682 0
36.952138 0
36.976594 0
37.00105 0
37.025506 0
37.049962 0
37.074419 0
37.098875 0
37.123331 0
37.147787 0
37.172243 0
37.196699 0
37.221155 0
37.245611 0
37.270068 0
37.294524 0
37.31898 0
37.343436 0
37.367892 0
37.392348 0
37.416804 0
37.44126 0
37.465716 0
37.490173 0
37.514629 0
37.539085 0
37.563541 0
37.587997 0
37.612453 0
37.636909 0
37.661365 0
37.685821 0
37.710278 0
37.734734 0
37.75919 0
37.783646 0
37.808102 0
37.832558 0
37.857014 0
37.88147 0
37.905926 0
37.930383 0
37.954839 0
37.979295 0
38.003751 0
38.028207 0
38.052663 0
38.077119 0
38.101575 0
38.126032 0
38.150488 0
38.174944 0
38.1994 0
38.223856 0
38.248312 0
38.272768 0
38.297224 0
38.32168 0
38.346137 0
38.370593 0
38.395049 0
38.419505 0
38.443961 0
38.468417 0
38.492873 0
38.517329 0
38.541785 0
38.566242 0
38.590698 0
38.615154 0
38.63961 0
38.664066 0
38.688522 0
38.712978 0
38.737434 0
38.76189 0
38.786347 0
38.810803 0
38.835259 0
38.859715 0
38.884171 0
38.908627 0
38.933083 0
38.957539 0
38.981995 0
39.006452 0
39.030908 0
39.055364 0
39.07982 0
39.104276 0
39.128732 0
39.153188 0
39.177644 0
39.202101 0
39.226557 0
39.251013 0
39.275469 0
39.299925 0
39.324381 0
39.348837 0
39.373293 0
39.397749 0
39.422206 0
39.446662 0
39.471118 0
39.495574 0
39.52003 0
39.544486 0
39.568942 0
39.593398 0
39.617854 0
39.642311 0
39.666767 0
39.691223 0
39.715679 0
39.740135 0
39.764591 0
39.789047 0
39.813503 0
39.837959 0
39.862416 0
39.886872 0
39.911328 0
39.935784 0
39.96024 0
39.984696 0
40.009152 0
40.033608 0
40.058065 0
40.082521 0
40.106977 0
40.131433 0
40.155889 0
40.180345 0
40.204801 0
40.229257 0
40.253713 0
40.27817 0
40.302626 0
40.327082 0
40.351538 0
40.375994 0
40.40045 0
40.424906 0
40.449362 0
40.473818 0
40.498275 0
40.522731 0
40.547187 0
40.571643 0
40.596099 0
40.620555 0
40.645011 0
40.669467 0
40.693923 0
40.71838 0
40.742836 0
40.767292 0
40.791748 0
40.816204 0
40.84066 0
40.865116 0
40.889572 0
40.914029 0
40.938485 0
40.962941 0
40.987397 0
41.011853 0
41.036309 0
41.060765 0
41.085221 0
41.109677 0
41.134134 0
41.15859 0
41.183046 0
41.207502 0
41.231958 0
41.256414 0
41.28087 0
41.305326 0
41.329782 0
41.354239 0
41.378695 0
41.403151 0
41.427607 0
41.452063 0
41.476519 0
41.500975 0
41.525431 0
41.549887 0
41.574344 0
41.5988 0
41.623256 0
41.647712 0
41.672168 0
41.696624 0
41.72108 0
41.745536 0
41.769992 0
41.794449 0
41.818905 0
41.843361 0
41.867817 0
41.892273 0
41.916729 0
41.941185 0
41.965641 0
41.990098 0
42.014554 0
42.03901 0
42.063466 0
42.087922 0
42.112378 0
42.136834 0
42.16129 0
42.185746 0
42.210203 0
42.234659 0
42.259115 0
42.283571 0
42.308027 0
42.332483 0
42.356939 0
42.381395 0
42.405851 0
42.430308 0
42.454764 0
42.47922 0
42.503676 0
42.528132 0
42.552588 0
42.577044 0
42.6015 0
42.625956 0
42.650413 0
42.674869 0
42.699325 0
42.723781 0
42.748237 0
42.772693 0
42.797149 0
42.821605 0
42.846062 0
42.870518 0
42.894974 0
42.91943 0
42.943886 0
42.968342 0
42.992798 0
43.017254 0
43.04171 0
43.066167 0
43.090623 0
43.115079 0
43.139535 0
43.163991 0
43.188447 0
43.212903 0
43.237359 0
43.261815 0
43.286272 0
43.310728 0
43.335184 0
43.35964 0
43.384096 0
43.408552 0
43.433008 0
43.457464 0
43.48192 0
43.506377 0
43.530833 0
43.555289 0
43.579745 0
43.604201 0
43.628657 0
43.653113 0
43.677569 0
43.702026 0
43.726482 0
43.750938 0
43.775394 0
43.79985 0
43.824306 0
43.848762 0
43.873218 0
43.897674 0
43.922131 0
43.946587 0
43.971043 0
43.995499 0
44.019955 0
44.044411 0
44.068867 0
44.093323 0
44.117779 0
44.142236 0
44.166692 0
44.191148 0
44.215604 0
44.24006 0
44.264516 0
44.288972 0
44.313428 0
44.337884 0
44.362341 0
44.386797 0
44.411253 0
44.435709 0
44.460165 0
44.484621 0
44.509077 0
44.533533 0
44.557989 0
44.582446 0
44.606902 0
44.631358 0
44.655814 0
44.68027 0
44.704726 0
44.729182 0
44.753638 0
44.778095 0
44.802551 0
44.827007 0
44.851463 0
44.875919 0
44.900375 0
44.924831 0
44.949287 0
44.973743 0
44.9982 0
45.022656 0
45.047112 0
45.071568 0
45.096024 0
45.12048 0
45.144936 0
45.169392 0
45.193848 0
45.218305 0
45.242761 0
45.267217 0
45.291673 0
45.316129 0
45.340585 0
45.365041 0
45.389497 0
45.413953 0
45.43841 0
45.462866 0
45.487322 0
45.511778 0
45.536234 0
45.56069 0
45.585146 0
45.609602 0
45.634059 0
45.658515 0
45.682971 0
45.707427 0
45.731883 0
45.756339 0
45.780795 0
45.805251 0
45.829707 0
45.854164 0
45.87862 0
45.903076 0
45.927532 0
45.951988 0
45.976444 0
46.0009 0
46.025356 0
46.049812 0
46.074269 0
46.098725 0
46.123181 0
46.147637 0
46.172093 0
46.196549 0
46.221005 0
46.245461 0
46.269917 0
46.294374 0
46.31883 0
46.343286 0
46.367742 0
46.392198 0
46.416654 0
46.44111 0
46.465566 0
46.490023 0
46.514479 0
46.538935 0
46.563391 0
46.587847 0
46.612303 0
46.636759 0
46.661215 0
46.685671 0
46.710128 0
46.734584 0
46.75904 0
46.783496 0
46.807952 0
46.832408 0
46.856864 0
46.88132 0
46.905776 0
46.930233 0
46.954689 0
46.979145 0
47.003601 0
47.028057 0
47.052513 0
47.076969 0
47.101425 0
47.125881 0
47.150338 0
47.174794 0
47.19925 0
47.223706 0
47.248162 0
47.272618 0
47.297074 0
47.32153 0
47.345986 0
47.370443 0
47.394899 0
47.419355 0
47.443811 0
47.468267 0
47.492723 0
47.517179 0
47.541635 0
47.566092 0
47.590548 0
47.615004 0
47.63946 0
47.663916 0
47.688372 0
47.712828 0
47.737284 0
47.76174 0
47.786197 0
47.810653 0
47.835109 0
47.859565 0
47.884021 0
47.908477 0
47.932933 0
47.957389 0
47.981845 0
48.006302 0
48.030758 0
48.055214 0
48.07967 0
48.104126 0
48.128582 0
48.153038 0
48.177494 0
48.20195 0
48.226407 0
48.250863 0
48.275319 0
48.299775 0
48.324231 0
48.348687 0
48.373143 0
48.397599 0
48.422056 0
48.446512 0
48.470968 0
48.495424 0
48.51988 0
48.544336 0
48.568792 0
48.593248 0
48.617704 0
48.642161 0
48.666617 0
48.691073 0
48.715529 0
48.739985 0
48.764441 0
48.788897 0
48.813353 0
48.837809 0
48.862266 0
48.886722 0
48.911178 0
48.935634 0
48.96009 0
48.984546 0
49.009002 0
49.033458 0
49.057914 0
49.082371 0
49.106827 0
49.131283 0
49.155739 0
49.180195 0
49.204651 0
49.229107 0
49.253563 0
49.27802 0
49.302476 0
49.326932 0
49.351388 0
49.375844 0
49.4003 0
49.424756 0
49.449212 0
49.473668 0
49.498125 0
49.522581 0
49.547037 0
49.571493 0
49.595949 0
49.620405 0
49.644861 0
49.669317 0
49.693773 0
49.71823 0
49.742686 0
49.767142 0
49.791598 0
49.816054 0
49.84051 0
49.864966 0
49.889422 0
49.913878 0
49.938335 0
49.962791 0
49.987247 0
50.011703 0
50.036159 0
50.060615 0
50.085071 0
50.109527 0
50.133983 0
50.15844 0
50.182896 0
50.207352 0
50.231808 0
50.256264 0
50.28072 0
50.305176 0
50.329632 0
50.354089 0
50.378545 0
50.403001 0
50.427457 0
50.451913 0
50.476369 0
50.500825 0
50.525281 0
50.549737 0
50.574194 0
50.59865 0
50.623106 0
50.647562 0
50.672018 0
50.696474 0
50.72093 0
50.745386 0
50.769842 0
50.794299 0
50.818755 0
50.843211 0
50.867667 0
50.892123 0
50.916579 0
50.941035 0
50.965491 0
50.989947 0
51.014404 0
51.03886 0
51.063316 0
51.087772 0
51.112228 0
51.136684 0
51.16114 0
51.185596 0
51.210053 0
51.234509 0
51.258965 0
51.283421 0
51.307877 0
51.332333 0
51.356789 0
51.381245 0
51.405701 0
51.430158 0
51.454614 0
51.47907 0
51.503526 0
51.527982 0
51.552438 0
51.576894 0
51.60135 0
51.625806 0
51.650263 0
51.674719 0
51.699175 0
51.723631 0
51.748087 0
51.772543 0
51.796999 0
51.821455 0
51.845911 0
51.870368 0
51.894824 0
51.91928 0
51.943736 0
51.968192 0
51.992648 0
52.017104 0
52.04156 0
52.066017 0
52.090473 0
52.114929 0
52.139385 0
52.163841 0
52.188297 0
52.212753 0
52.237209 0
52.261665 0
52.286122 0
52.310578 0
52.335034 0
52.35949 0
52.383946 0
52.408402 0
52.432858 0
52.457314 0
52.48177 0
52.506227 0
52.530683 0
52.555139 0
52.579595 0
52.604051 0
52.628507 0
52.652963 0
52.677419 0
52.701875 0
52.726332 0
52.750788 0
52.775244 0
52.7997 0
52.824156 0
52.848612 0
52.873068 0
52.897524 0
52.92198 0
52.946437 0
52.970893 0
52.995349 0
53.019805 0
53.044261 0
53.068717 0
53.093173 0
53.117629 0
53.142086 0
53.166542 0
53.190998 0
53.215454 0
53.23991 0
53.264366 0
53.288822 0
53.313278 0
53.337734 0
53.362191 0
53.386647 0
53.411103 0
53.435559 0
53.460015 0
53.484471 0
53.508927 0
53.533383 0
53.557839 0
53.582296 0
53.606752 0
53.631208 0
53.655664 0
53.68012 0
53.704576 0
53.729032 0
53.753488 0
53.777944 0
53.802401 0
53.826857 0
53.851313 0
53.875769 0
53.900225 0
53.924681 0
53.949137 0
53.973593 0
53.99805 0
54.022506 0
54.046962 0
54.071418 0
54.095874 0
54.12033 0
54.144786 0
54.169242 0
54.193698 0
54.218155 0
54.242611 0
54.267067 0
54.291523 0
54.315979 0
54.340435 0
54.364891 0
54.389347 0
54.413803 0
54.43826 0
54.462716 0
54.487172 0
54.511628 0
54.536084 0
54.56054 0
54.584996 0
54.609452 0
54.633908 0
54.658365 0
54.682821 0
54.707277 0
54.731733 0
54.756189 0
54.780645 0
54.805101 0
54.829557 0
54.854014 0
54.87847 0
54.902926 0
54.927382 0
54.951838 0
54.976294 0
55.00075 0
55.025206 0
55.049662 0
55.074119 0
55.098575 0
55.123031 0
55.147487 0
55.171943 0
55.196399 0
55.220855 0
55.245311 0
55.269767 0
55.294224 0
55.31868 0
55.343136 0
55.367592 0
55.392048 0
55.416504 0
55.44096 0
55.465416 0
55.489872 0
55.514329 0
55.538785 0
55.563241 0
55.587697 0
55.612153 0
55.636609 0
55.661065 0
55.685521 0
55.709977 0
55.734434 0
55.75889 0
55.783346 0
55.807802 0
55.832258 0
55.856714 0
55.88117 0
55.905626 0
55.930083 0
55.954539 0
55.978995 0
56.003451 0
56.027907 0
56.052363 0
56.076819 0
56.101275 0
56.125731 0
56.150188 0
56.174644 0
56.1991 0
56.223556 0
56.248012 0
56.272468 0
56.296924 0
56.32138 0
56.345836 0
56.370293 0
56.394749 0
56.419205 0
56.443661 0
56.468117 0
56.492573 0
56.517029 0
56.541485 0
56.565941 0
56.590398 0
56.614854 0
56.63931 0
56.663766 0
56.688222 0
56.712678 0
56.737134 0
56.76159 0
56.786047 0
56.810503 0
56.834959 0
56.859415 0
56.883871 0
56.908327 0
56.932783 0
56.957239 0
56.981695 0
57.006152 0
57.030608 0
57.055064 0
57.07952 0
57.103976 0
57.128432 0
57.152888 0
57.177344 0
57.2018 0
57.226257 0
57.250713 0
57.275169 0
57.299625 0
57.324081 0
57.348537 0
57.372993 0
57.397449 0
57.421905 0
57.446362 0
57.470818 0
57.495274 0
57.51973 0
57.544186 0
57.568642 0
57.593098 0
57.617554 0
57.642011 0
57.666467 0
57.690923 0
57.715379 0
57.739835 0
57.764291 0
57.788747 0
57.813203 0
57.837659 0
57.862116 0
57.886572 0
57.911028 0
57.935484 0
57.95994 0
57.984396 0
58.008852 0
58.033308 0
58.057764 0
58.082221 0
58.106677 0
58.131133 0
58.155589 0
58.180045 0
58.204501 0
58.228957 0
58.253413 0
58.277869 0
58.302326 0
58.326782 0
58.351238 0
58.375694 0
58.40015 0
58.424606 0
58.449062 0
58.473518 0
58.497974 0
58.522431 0
58.546887 0
58.571343 0
58.595799 0
58.620255 0
58.644711 0
58.669167 0
58.693623 0
58.71808 0
58.742536 0
58.766992 0
58.791448 0
58.815904 0
58.84036 0
58.864816 0
58.889272 0
58.913728 0
58.938185 0
58.962641 0
58.987097 0
59.011553 0
59.036009 0
59.060465 0
59.084921 0
59.109377 0
59.133833 0
59.15829 0
59.182746 0
59.207202 0
59.231658 0
59.256114 0
59.28057 0
59.305026 0
59.329482 0
59.353938 0
59.378395 0
59.402851 0
59.427307 0
59.451763 0
59.476219 0
59.500675 0
59.525131 0
59.549587 0
59.574044 0
59.5985 0
59.622956 0
59.647412 0
59.671868 0
59.696324 0
59.72078 0
59.745236 0
59.769692 0
59.794149 0
59.818605 0
59.843061 0
59.867517 0
59.891973 0
59.916429 0
59.940885 0
59.965341 0
59.989797 0
60.014254 0
60.03871 0
60.063166 0
60.087622 0
60.112078 0
60.136534 0
60.16099 0
60.185446 0
60.209902 0
60.234359 0
60.258815 0
60.283271 0
60.307727 0
60.332183 0
60.356639 0
60.381095 0
60.405551 0
60.430008 0
60.454464 0
60.47892 0
60.503376 0
60.527832 0
60.552288 0
60.576744 0
60.6012 0
60.625656 0
60.650113 0
60.674569 0
60.699025 0
60.723481 0
60.747937 0
60.772393 0
60.796849 0
60.821305 0
60.845761 0
60.870218 0
60.894674 0
60.91913 0
60.943586 0
60.968042 0
60.992498 0
61.016954 0
61.04141 0
61.065866 0
61.090323 0
61.114779 0
61.139235 0
61.163691 0
61.188147 0
61.212603 0
61.237059 0
61.261515 0
61.285971 0
61.310428 0
61.334884 0
61.35934 0
61.383796 0
61.408252 0
61.432708 0
61.457164 0
61.48162 0
61.506077 0
61.530533 0
61.554989 0
61.579445 0
61.603901 0
61.628357 0
61.652813 0
61.677269 0
61.701725 0
61.726182 0
61.750638 0
61.775094 0
61.79955 0
61.824006 0
61.848462 0
61.872918 0
61.897374 0
61.92183 0
61.946287 0
61.970743 0
61.995199 0
62.019655 0
62.044111 0
62.068567 0
62.093023 0
62.117479 0
62.141935 0
62.166392 0
62.190848 0
62.215304 0
62.23976 0
62.264216 0
62.288672 0
62.313128 0
62.337584 0
62.362041 0
62.386497 0
62.410953 0
62.435409 0
62.459865 0
62.484321 0
62.508777 0
62.533233 0
62.557689 0
62.582146 0
62.606602 0
62.631058 0
62.655514 0
62.67997 0
62.704426 0
62.728882 0
62.753338 0
62.777794 0
62.802251 0
62.826707 0
62.851163 0
62.875619 0
62.900075 0
62.924531 0
62.948987 0
62.973443 0
62.997899 0
63.022356 0
63.046812 0
63.071268 0
63.095724 0
63.12018 0
63.144636 0
63.169092 0
63.193548 0
63.218005 0
63.242461 0
63.266917 0
63.291373 0
63.315829 0
63.340285 0
63.364741 0
63.389197 0
63.413653 0
63.43811 0
63.462566 0
63.487022 0
63.511478 0
63.535934 0
63.56039 0
63.584846 0
63.609302 0
63.633758 0
63.658215 0
63.682671 0
63.707127 0
63.731583 0
63.756039 0
63.780495 0
63.804951 0
63.829407 0
63.853863 0
63.87832 0
63.902776 0
63.927232 0
63.951688 0
63.976144 0
64.0006 0
64.025056 0
64.049512 0
64.073968 0
64.098425 0
64.122881 0
64.147337 0
64.171793 0
64.196249 0
64.220705 0
64.245161 0
64.269617 0
64.294074 0
64.31853 0
64.342986 0
64.367442 0
64.391898 0
64.416354 0
64.44081 0
64.465266 0
64.489722 0
64.514179 0
64.538635 0
64.563091 0
64.587547 0
64.612003 0
64.636459 0
64.660915 0
64.685371 0
64.709827 0
64.734284 0
64.75874 0
64.783196 0
64.807652 0
64.832108 0
64.856564 0
64.88102 0
64.905476 0
64.929932 0
64.954389 0
64.978845 0
65.003301 0
65.027757 0
65.052213 0
65.076669 0
65.101125 0
65.125581 0
65.150038 0
65.174494 0
65.19895 0
65.223406 0
65.247862 0
65.272318 0
65.296774 0
65.32123 0
65.345686 0
65.370143 0
65.394599 0
65.419055 0
65.443511 0
65.467967 0
65.492423 0
65.516879 0
65.541335 0
65.565791 0
65.590248 0
65.614704 0
65.63916 0
65.663616 0
65.688072 0
65.712528 0
65.736984 0
65.76144 0
65.785896 0
65.810353 0
65.834809 0
65.859265 0
65.883721 0
65.908177 0
65.932633 0
65.957089 0
65.981545 0
66.006002 0
66.030458 0
66.054914 0
66.07937 0
66.103826 0
66.128282 0
66.152738 0
66.177194 0
66.20165 0
66.226107 0
66.250563 0
66.275019 0
66.299475 0
66.323931 0
66.348387 0
66.372843 0
66.397299 0
66.421755 0
66.446212 0
66.470668 0
66.495124 0
66.51958 0
66.544036 0
66.568492 0
66.592948 0
66.617404 0
66.64186 0
66.666317 0
66.690773 0
66.715229 0
66.739685 0
66.764141 0
66.788597 0
66.813053 0
66.837509 0
66.861965 0
66.886422 0
66.910878 0
66.935334 0
66.95979 0
66.984246 0
67.008702 0
67.033158 0
67.057614 0
67.082071 0
67.106527 0
67.130983 0
67.155439 0
67.179895 0
67.204351 0
67.228807 0
67.253263 0
67.277719 0
67.302176 0
67.326632 0
67.351088 0
67.375544 0
67.4 0
67.424456 0
67.448912 0
67.473368 0
67.497824 0
67.522281 0
67.546737 0
67.571193 0
67.595649 0
67.620105 0
67.644561 0
67.669017 0
67.693473 0
67.717929 0
67.742386 0
67.766842 0
67.791298 0
67.815754 0
67.84021 0
67.864666 0
67.889122 0
67.913578 0
67.938035 0
67.962491 0
67.986947 0
68.011403 0
68.035859 0
68.060315 0
68.084771 0
68.109227 0
68.133683 0
68.15814 0
68.182596 0
68.207052 0
68.231508 0
68.255964 0
68.28042 0
68.304876 0
68.329332 0
68.353788 0
68.378245 0
68.402701 0
68.427157 0
68.451613 0
68.476069 0
68.500525 0
68.524981 0
68.549437 0
68.573893 0
68.59835 0
68.622806 0
68.647262 0
68.671718 0
68.696174 0
68.72063 0
68.745086 0
68.769542 0
68.793998 0
68.818455 0
68.842911 0
68.867367 0
68.891823 0
68.916279 0
68.940735 0
68.965191 0
68.989647 0
69.014104 0
69.03856 0
69.063016 0
69.087472 0
69.111928 0
69.136384 0
69.16084 0
69.185296 0
69.209752 0
69.234209 0
69.258665 0
69.283121 0
69.307577 0
69.332033 0
69.356489 0
69.380945 0
69.405401 0
69.429857 0
69.454314 0
69.47877 0
69.503226 0
69.527682 0
69.552138 0
69.576594 0
69.60105 0
69.625506 0
69.649962 0
69.674419 0
69.698875 0
69.723331 0
69.747787 0
69.772243 0
69.796699 0
69.821155 0
69.845611 0
69.870068 0
69.894524 0
69.91898 0
69.943436 0
69.967892 0
69.992348 0
70.016804 0
70.04126 0
70.065716 0
70.090173 0
70.114629 0
70.139085 0
70.163541 0
70.187997 0
70.212453 0
70.236909 0
70.261365 0
70.285821 0
70.310278 0
70.334734 0
70.35919 0
70.383646 0
70.408102 0
70.432558 0
70.457014 0
70.48147 0
70.505926 0
70.530383 0
70.554839 0
70.579295 0
70.603751 0
70.628207 0
70.652663 0
70.677119 0
70.701575 0
70.726032 0
70.750488 0
70.774944 0
70.7994 0
70.823856 0
70.848312 0
70.872768 0
70.897224 0
70.92168 0
70.946137 0
70.970593 0
70.995049 0
71.019505 0
71.043961 0
71.068417 0
71.092873 0
71.117329 0
71.141785 0
71.166242 0
71.190698 0
71.215154 0
71.23961 0
71.264066 0
71.288522 0
71.312978 0
71.337434 0
71.36189 0
71.386347 0
71.410803 0
71.435259 0
71.459715 0
71.484171 0
71.508627 0
71.533083 0
71.557539 0
71.581995 0
71.606452 0
71.630908 0
71.655364 0
71.67982 0
71.704276 0
71.728732 0
71.753188 0
71.777644 0
71.802101 0
71.826557 0
71.851013 0
71.875469 0
71.899925 0
71.924381 0
71.948837 0
71.973293 0
71.997749 0
72.022206 0
72.046662 0
72.071118 0
72.095574 0
72.12003 0
72.144486 0
72.168942 0
72.193398 0
72.217854 0
72.242311 0
72.266767 0
72.291223 0
72.315679 0
72.340135 0
72.364591 0
72.389047 0
72.413503 0
72.437959 0
72.462416 0
72.486872 0
72.511328 0
72.535784 0
72.56024 0
72.584696 0
72.609152 0
72.633608 0
72.658065 0
72.682521 0
72.706977 0
72.731433 0
72.755889 0
72.780345 0
72.804801 0
72.829257 0
72.853713 0
72.87817 0
72.902626 0
72.927082 0
72.951538 0
72.975994 0
73.00045 0
73.024906 0
73.049362 0
73.073818 0
73.098275 0
73.122731 0
73.147187 0
73.171643 0
73.196099 0
73.220555 0
73.245011 0
73.269467 0
73.293923 0
73.31838 0
73.342836 0
73.367292 0
73.391748 0
73.416204 0
73.44066 0
73.465116 0
73.489572 0
73.514029 0
73.538485 0
73.562941 0
73.587397 0
73.611853 0
73.636309 0
73.660765 0
73.685221 0
73.709677 0
73.734134 0
73.75859 0
73.783046 0
73.807502 0
73.831958 0
73.856414 0
73.88087 0
73.905326 0
73.929782 0
73.954239 0
73.978695 0
74.003151 0
74.027607 0
74.052063 0
74.076519 0
74.100975 0
74.125431 0
74.149887 0
74.174344 0
74.1988 0
74.223256 0
74.247712 0
74.272168 0
74.296624 0
74.32108 0
74.345536 0
74.369992 0
74.394449 0
74.418905 0
74.443361 0
74.467817 0
74.492273 0
74.516729 0
74.541185 0
74.565641 0
74.590098 0
74.614554 0
74.63901 0
74.663466 0
74.687922 0
74.712378 0
74.736834 0
74.76129 0
74.785746 0
74.810203 0
74.834659 0
74.859115 0
74.883571 0
74.908027 0
74.932483 0
74.956939 0
74.981395 0
75.005851 0
75.030308 0
75.054764 0
75.07922 0
75.103676 0
75.128132 0
75.152588 0
75.177044 0
75.2015 0
75.225956 0
75.250413 0
75.274869 0
75.299325 0
75.323781 0
75.348237 0
75.372693 0
75.397149 0
75.421605 0
75.446062 0
75.470518 0
75.494974 0
75.51943 0
75.543886 0
75.568342 0
75.592798 0
75.617254 0
75.64171 0
75.666167 0
75.690623 0
75.715079 0
75.739535 0
75.763991 0
75.788447 0
75.812903 0
75.837359 0
75.861815 0
75.886272 0
75.910728 0
75.935184 0
75.95964 0
75.984096 0
76.008552 0
76.033008 0
76.057464 0
76.08192 0
76.106377 0
76.130833 0
76.155289 0
76.179745 0
76.204201 0
76.228657 0
76.253113 0
76.277569 0
76.302026 0
76.326482 0
76.350938 0
76.375394 0
76.39985 0
76.424306 0
76.448762 0
76.473218 0
76.497674 0
76.522131 0
76.546587 0
76.571043 0
76.595499 0
76.619955 0
76.644411 0
76.668867 0
76.693323 0
76.717779 0
76.742236 0
76.766692 0
76.791148 0
76.815604 0
76.84006 0
76.864516 0
76.888972 0
76.913428 0
76.937884 0
76.962341 0
76.986797 0
77.011253 0
77.035709 0
77.060165 0
77.084621 0
77.109077 0
77.133533 0
77.157989 0
77.182446 0
77.206902 0
77.231358 0
77.255814 0
77.28027 0
77.304726 0
77.329182 0
77.353638 0
77.378095 0
77.402551 0
77.427007 0
77.451463 0
77.475919 0
77.500375 0
77.524831 0
77.549287 0
77.573743 0
77.5982 0
77.622656 0
77.647112 0
77.671568 0
77.696024 0
77.72048 0
77.744936 0
77.769392 0
77.793848 0
77.818305 0
77.842761 0
77.867217 0
77.891673 0
77.916129 0
77.940585 0
77.965041 0
77.989497 0
78.013953 0
78.03841 0
78.062866 0
78.087322 0
78.111778 0
78.136234 0
78.16069 0
78.185146 0
78.209602 0
78.234059 0
78.258515 0
78.282971 0
78.307427 0
78.331883 0
78.356339 0
78.380795 0
78.405251 0
78.429707 0
78.454164 0
78.47862 0
78.503076 0
78.527532 0
78.551988 0
78.576444 0
78.6009 0
78.625356 0
78.649812 0
78.674269 0
78.698725 0
78.723181 0
78.747637 0
78.772093 0
78.796549 0
78.821005 0
78.845461 0
78.869917 0
78.894374 0
78.91883 0
78.943286 0
78.967742 0
78.992198 0
79.016654 0
79.04111 0
79.065566 0
79.090023 0
79.114479 0
79.138935 0
79.163391 0
79.187847 0
79.212303 0
79.236759 0
79.261215 0
79.285671 0
79.310128 0
79.334584 0
79.35904 0
79.383496 0
79.407952 0
79.432408 0
79.456864 0
79.48132 0
79.505776 0
79.530233 0
79.554689 0
79.579145 0
79.603601 0
79.628057 0
79.652513 0
79.676969 0
79.701425 0
79.725881 0
79.750338 0
79.774794 0
79.79925 0
79.823706 0
79.848162 0
79.872618 0
79.897074 0
79.92153 0
79.945986 0
79.970443 0
79.994899 0
80.019355 0
80.043811 0
80.068267 0
80.092723 0
80.117179 0
80.141635 0
80.166092 0
80.190548 0
80.215004 0
80.23946 0
80.263916 0
80.288372 0
80.312828 0
80.337284 0
80.36174 0
80.386197 0
80.410653 0
80.435109 0
80.459565 0
80.484021 0
80.508477 0
80.532933 0
80.557389 0
80.581845 0
80.606302 0
80.630758 0
80.655214 0
80.67967 0
80.704126 0
80.728582 0
80.753038 0
80.777494 0
80.80195 0
80.826407 0
80.850863 0
80.875319 0
80.899775 0
80.924231 0
80.948687 0
80.973143 0
80.997599 0
81.022056 0
81.046512 0
81.070968 0
81.095424 0
81.11988 0
81.144336 0
81.168792 0
81.193248 0
81.217704 0
81.242161 0
81.266617 0
81.291073 0
81.315529 0
81.339985 0
81.364441 0
81.388897 0
81.413353 0
81.437809 0
81.462266 0
81.486722 0
81.511178 0
81.535634 0
81.56009 0
81.584546 0
81.609002 0
81.633458 0
81.657914 0
81.682371 0
81.706827 0
81.731283 0
81.755739 0
81.780195 0
81.804651 0
81.829107 0
81.853563 0
81.87802 0
81.902476 0
81.926932 0
81.951388 0
81.975844 0
82.0003 0
82.024756 0
82.049212 0
82.073668 0
82.098125 0
82.122581 0
82.147037 0
82.171493 0
82.195949 0
82.220405 0
82.244861 0
82.269317 0
82.293773 0
82.31823 0
82.342686 0
82.367142 0
82.391598 0
82.416054 0
82.44051 0
82.464966 0
82.489422 0
82.513878 0
82.538335 0
82.562791 0
82.587247 0
82.611703 0
82.636159 0
82.660615 0
82.685071 0
82.709527 0
82.733983 0
82.75844 0
82.782896 0
82.807352 0
82.831808 0
82.856264 0
82.88072 0
82.905176 0
82.929632 0
82.954089 0
82.978545 0
83.003001 0
83.027457 0
83.051913 0
83.076369 0
83.100825 0
83.125281 0
83.149737 0
83.174194 0
83.19865 0
83.223106 0
83.247562 0
83.272018 0
83.296474 0
83.32093 0
83.345386 0
83.369842 0
83.394299 0
83.418755 0
83.443211 0
83.467667 0
83.492123 0
83.516579 0
83.541035 0
83.565491 0
83.589947 0
83.614404 0
83.63886 0
83.663316 0
83.687772 0
83.712228 0
83.736684 0
83.76114 0
83.785596 0
83.810053 0
83.834509 0
83.858965 0
83.883421 0
83.907877 0
83.932333 0
83.956789 0
83.981245 0
84.005701 0
84.030158 0
84.054614 0
84.07907 0
84.103526 0
84.127982 0
84.152438 0
84.176894 0
84.20135 0
84.225806 0
84.250263 0
84.274719 0
84.299175 0
84.323631 0
84.348087 0
84.372543 0
84.396999 0
84.421455 0
84.445911 0
84.470368 0
84.494824 0
84.51928 0
84.543736 0
84.568192 0
84.592648 0
84.617104 0
84.64156 0
84.666017 0
84.690473 0
84.714929 0
84.739385 0
84.763841 0
84.788297 0
84.812753 0
84.837209 0
84.861665 0
84.886122 0
84.910578 0
84.935034 0
84.95949 0
84.983946 0
85.008402 0
85.032858 0
85.057314 0
85.08177 0
85.106227 0
85.130683 0
85.155139 0
85.179595 0
85.204051 0
85.228507 0
85.252963 0
85.277419 0
85.301875 0
85.326332 0
85.350788 0
85.375244 0
85.3997 0
85.424156 0
85.448612 0
85.473068 0
85.497524 0
85.52198 0
85.546437 0
85.570893 0
85.595349 0
85.619805 0
85.644261 0
85.668717 0
85.693173 0
85.717629 0
85.742086 0
85.766542 0
85.790998 0
85.815454 0
85.83991 0
85.864366 0
85.888822 0
85.913278 0
85.937734 0
85.962191 0
85.986647 0
86.011103 0
86.035559 0
86.060015 0
86.084471 0
86.108927 0
86.133383 0
86.157839 0
86.182296 0
86.206752 0
86.231208 0
86.255664 0
86.28012 0
86.304576 0
86.329032 0
86.353488 0
86.377944 0
86.402401 0
86.426857 0
86.451313 0
86.475769 0
86.500225 0
86.524681 0
86.549137 0
86.573593 0
86.59805 0
86.622506 0
86.646962 0
86.671418 0
86.695874 0
86.72033 0
86.744786 0
86.769242 0
86.793698 0
86.818155 0
86.842611 0
86.867067 0
86.891523 0
86.915979 0
86.940435 0
86.964891 0
86.989347 0
87.013803 0
87.03826 0
87.062716 0
87.087172 0
87.111628 0
87.136084 0
87.16054 0
87.184996 0
87.209452 0
87.233908 0
87.258365 0
87.282821 0
87.307277 0
87.331733 0
87.356189 0
87.380645 0
87.405101 0
87.429557 0
87.454014 0
87.47847 0
87.502926 0
87.527382 0
87.551838 0
87.576294 0
87.60075 0
87.625206 0
87.649662 0
87.674119 0
87.698575 0
87.723031 0
87.747487 0
87.771943 0
87.796399 0
87.820855 0
87.845311 0
87.869767 0
87.894224 0
87.91868 0
87.943136 0
87.967592 0
87.992048 0
88.016504 0
88.04096 0
88.065416 0
88.089872 0
88.114329 0
88.138785 0
88.163241 0
88.187697 0
88.212153 0
88.236609 0
88.261065 0
88.285521 0
88.309977 0
88.334434 0
88.35889 0
88.383346 0
88.407802 0
88.432258 0
88.456714 0
88.48117 0
88.505626 0
88.530083 0
88.554539 0
88.578995 0
88.603451 0
88.627907 0
88.652363 0
88.676819 0
88.701275 0
88.725731 0
88.750188 0
88.774644 0
88.7991 0
88.823556 0
88.848012 0
88.872468 0
88.896924 0
88.92138 0
88.945836 0
88.970293 0
88.994749 0
89.019205 0
89.043661 0
89.068117 0
89.092573 0
89.117029 0
89.141485 0
89.165941 0
89.190398 0
89.214854 0
89.23931 0
89.263766 0
89.288222 0
89.312678 0
89.337134 0
89.36159 0
89.386047 0
89.410503 0
89.434959 0
89.459415 0
89.483871 0
89.508327 0
89.532783 0
89.557239 0
89.581695 0
89.606152 0
89.630608 0
89.655064 0
89.67952 0
89.703976 0
89.728432 0
89.752888 0
89.777344 0
89.8018 0
89.826257 0
89.850713 0
89.875169 0
89.899625 0
89.924081 0
89.948537 0
89.972993 0
89.997449 0
90.021905 0
90.046362 0
90.070818 0
90.095274 0
90.11973 0
90.144186 0
90.168642 0
90.193098 0
90.217554 0
90.242011 0
90.266467 0
90.290923 0
90.315379 0
90.339835 0
90.364291 0
90.388747 0
90.413203 0
90.437659 0
90.462116 0
90.486572 0
90.511028 0
90.535484 0
90.55994 0
90.584396 0
90.608852 0
90.633308 0
90.657764 0
90.682221 0
90.706677 0
90.731133 0
90.755589 0
90.780045 0
90.804501 0
90.828957 0
90.853413 0
90.877869 0
90.902326 0
90.926782 0
90.951238 0
90.975694 0
91.00015 0
91.024606 0
91.049062 0
91.073518 0
91.097974 0
91.122431 0
91.146887 0
91.171343 0
91.195799 0
91.220255 0
91.244711 0
91.269167 0
91.293623 0
91.31808 0
91.342536 0
91.366992 0
91.391448 0
91.415904 0
91.44036 0
91.464816 0
91.489272 0
91.513728 0
91.538185 0
91.562641 0
91.587097 0
91.611553 0
91.636009 0
91.660465 0
91.684921 0
91.709377 0
91.733833 0
91.75829 0
91.782746 0
91.807202 0
91.831658 0
91.856114 0
91.88057 0
91.905026 0
91.929482 0
91.953938 0
91.978395 0
92.002851 0
92.027307 0
92.051763 0
92.076219 0
92.100675 0
92.125131 0
92.149587 0
92.174044 0
92.1985 0
92.222956 0
92.247412 0
92.271868 0
92.296324 0
92.32078 0
92.345236 0
92.369692 0
92.394149 0
92.418605 0
92.443061 0
92.467517 0
92.491973 0
92.516429 0
92.540885 0
92.565341 0
92.589797 0
92.614254 0
92.63871 0
92.663166 0
92.687622 0
92.712078 0
92.736534 0
92.76099 0
92.785446 0
92.809902 0
92.834359 0
92.858815 0
92.883271 0
92.907727 0
92.932183 0
92.956639 0
92.981095 0
93.005551 0
93.030008 0
93.054464 0
93.07892 0
93.103376 0
93.127832 0
93.152288 0
93.176744 0
93.2012 0
93.225656 0
93.250113 0
93.274569 0
93.299025 0
93.323481 0
93.347937 0
93.372393 0
93.396849 0
93.421305 0
93.445761 0
93.470218 0
93.494674 0
93.51913 0
93.543586 0
93.568042 0
93.592498 0
93.616954 0
93.64141 0
93.665866 0
93.690323 0
93.714779 0
93.739235 0
93.763691 0
93.788147 0
93.812603 0
93.837059 0
93.861515 0
93.885971 0
93.910428 0
93.934884 0
93.95934 0
93.983796 0
94.008252 0
94.032708 0
94.057164 0
94.08162 0
94.106077 0
94.130533 0
94.154989 0
94.179445 0
94.203901 0
94.228357 0
94.252813 0
94.277269 0
94.301725 0
94.326182 0
94.350638 0
94.375094 0
94.39955 0
94.424006 0
94.448462 0
94.472918 0
94.497374 0
94.52183 0
94.546287 0
94.570743 0
94.595199 0
94.619655 0
94.644111 0
94.668567 0
94.693023 0
94.717479 0
94.741935 0
94.766392 0
94.790848 0
94.815304 0
94.83976 0
94.864216 0
94.888672 0
94.913128 0
94.937584 0
94.962041 0
94.986497 0
95.010953 0
95.035409 0
95.059865 0
95.084321 0
95.108777 0
95.133233 0
95.157689 0
95.182146 0
95.206602 0
95.231058 0
95.255514 0
95.27997 0
95.304426 0
95.328882 0
95.353338 0
95.377794 0
95.402251 0
95.426707 0
95.451163 0
95.475619 0
95.500075 0
95.524531 0
95.548987 0
95.573443 0
95.597899 0
95.622356 0
95.646812 0
95.671268 0
95.695724 0
95.72018 0
95.744636 0
95.769092 0
95.793548 0
95.818005 0
95.842461 0
95.866917 0
95.891373 0
95.915829 0
95.940285 0
95.964741 0
95.989197 0
96.013653 0
96.03811 0
96.062566 0
96.087022 0
96.111478 0
96.135934 0
96.16039 0
96.184846 0
96.209302 0
96.233758 0
96.258215 0
96.282671 0
96.307127 0
96.331583 0
96.356039 0
96.380495 0
96.404951 0
96.429407 0
96.453863 0
96.47832 0
96.502776 0
96.527232 0
96.551688 0
96.576144 0
96.6006 0
96.625056 0
96.649512 0
96.673968 0
96.698425 0
96.722881 0
96.747337 0
96.771793 0
96.796249 0
96.820705 0
96.845161 0
96.869617 0
96.894074 0
96.91853 0
96.942986 0
96.967442 0
96.991898 0
97.016354 0
97.04081 0
97.065266 0
97.089722 0
97.114179 0
97.138635 0
97.163091 0
97.187547 0
97.212003 0
97.236459 0
97.260915 0
97.285371 0
97.309827 0
97.334284 0
97.35874 0
97.383196 0
97.407652 0
97.432108 0
97.456564 0
97.48102 0
97.505476 0
97.529932 0
97.554389 0
97.578845 0
97.603301 0
97.627757 0
97.652213 0
97.676669 0
97.701125 0
97.725581 0
97.750038 0
97.774494 0
97.79895 0
97.823406 0
97.847862 0
97.872318 0
97.896774 0
97.92123 0
97.945686 0
97.970143 0
97.994599 0
98.019055 0
98.043511 0
98.067967 0
98.092423 0
98.116879 0
98.141335 0
98.165791 0
98.190248 0
98.214704 0
98.23916 0
98.263616 0
98.288072 0
98.312528 0
98.336984 0
98.36144 0
98.385896 0
98.410353 0
98.434809 0
98.459265 0
98.483721 0
98.508177 0
98.532633 0
98.557089 0
98.581545 0
98.606002 0
98.630458 0
98.654914 0
98.67937 0
98.703826 0
98.728282 0
98.752738 0
98.777194 0
98.80165 0
98.826107 0
98.850563 0
98.875019 0
98.899475 0
98.923931 0
98.948387 0
98.972843 0
98.997299 0
99.021755 0
99.046212 0
99.070668 0
99.095124 0
99.11958 0
99.144036 0
99.168492 0
99.192948 0
99.217404 0
99.24186 0
99.266317 0
99.290773 0
99.315229 0
99.339685 0
99.364141 0
99.388597 0
99.413053 0
99.437509 0
99.461965 0
99.486422 0
99.510878 0
99.535334 0
99.55979 0
99.584246 0
99.608702 0
99.633158 0
99.657614 0
99.682071 0
99.706527 0
99.730983 0
99.755439 0
99.779895 0
99.804351 0
99.828807 0
99.853263 0
99.877719 0
99.902176 0
99.926632 0
99.951088 0
99.975544 0
100 0
